star_age,star_mass,star_mdot,log_Teff,log_R,log_surf_z,surface_h1,surface_he3,log_center_T,log_center_Rho,phase,x
6.79055114e+02,2.59999983,-2.19856499e-10,3.61469225,1.57859987,-1.84509854,7.15399997e-01,4.48623525e-05,5.73858699,-3.31634041,-1,-1.0
7.13117710e+02,2.59999982,-2.17142031e-10,3.61803204,1.57594796,-1.84509854,7.15399997e-01,4.48623525e-05,5.74080301,-3.30970773,-1,-0.9999930536890083
7.49829978e+02,2.59999981,-2.19644812e-10,3.61858095,1.57346118,-1.84509854,7.15399997e-01,4.48623525e-05,5.74316314,-3.30264091,-1,-0.9999855670361784
7.88669463e+02,2.59999980,-2.16265347e-10,3.61890762,1.57089837,-1.84509854,7.15399997e-01,4.48623525e-05,5.74562282,-3.29527427,-1,-0.9999776465846201
8.29412097e+02,2.59999980,-2.13276049e-10,3.61923135,1.56825024,-1.84509854,7.15399997e-01,4.48623525e-05,5.74816527,-3.28766033,-1,-0.9999693380280325
8.72184835e+02,2.59999979,-2.10099615e-10,3.61959669,1.56551177,-1.84509854,7.15399997e-01,4.48623525e-05,5.75079415,-3.27978767,-1,-0.9999606154767591
9.17087751e+02,2.59999978,-2.06818588e-10,3.61995543,1.56268183,-1.84509854,7.15399997e-01,4.48623525e-05,5.75351152,-3.27164840,-1,-0.9999514585229271
9.64495850e+02,2.59999977,-2.03401500e-10,3.62032925,1.55974735,-1.84509854,7.15399997e-01,4.48623525e-05,5.75632982,-3.26320787,-1,-0.9999417906925838
1.01432739e+03,2.59999976,-1.99918895e-10,3.62069837,1.55671600,-1.84509854,7.15399997e-01,4.48623525e-05,5.75924175,-3.25448639,-1,-0.9999316286551972
1.06661547e+03,2.59999975,-1.96350840e-10,3.62108557,1.55358904,-1.84509854,7.15399997e-01,4.48623526e-05,5.76224593,-3.24548826,-1,-0.9999209656609604
1.12144405e+03,2.59999974,-1.92719022e-10,3.62153134,1.55036447,-1.84509854,7.15399997e-01,4.48623526e-05,5.76534347,-3.23620958,-1,-0.9999097845880934
1.17941032e+03,2.59999973,-1.89114689e-10,3.62194427,1.54702685,-1.84509854,7.15399997e-01,4.48623526e-05,5.76855124,-3.22660177,-1,-0.9998979636529407
1.24014862e+03,2.59999971,-1.85428362e-10,3.62236266,1.54359336,-1.84509854,7.15399997e-01,4.48623526e-05,5.77185154,-3.21671648,-1,-0.9998855774237494
1.30398107e+03,2.59999970,-1.81682382e-10,3.62279344,1.54005688,-1.84509854,7.15399997e-01,4.48623526e-05,5.77525162,-3.20653208,-1,-0.9998725602112897
1.37119164e+03,2.59999969,-1.77887469e-10,3.62326776,1.53641028,-1.84509854,7.15399997e-01,4.48623526e-05,5.77875780,-3.19602853,-1,-0.999858854106178
1.44171584e+03,2.59999968,-1.74043252e-10,3.62371376,1.53266280,-1.84509854,7.15399997e-01,4.48623526e-05,5.78236183,-3.18523064,-1,-0.9998444722597198
1.51589998e+03,2.59999967,-1.70223007e-10,3.62417295,1.52880829,-1.84509854,7.15399997e-01,4.48623526e-05,5.78606947,-3.17412069,-1,-0.9998293440496712
1.59393607e+03,2.59999965,-1.66370947e-10,3.62470628,1.52484303,-1.84509854,7.15399997e-01,4.48623526e-05,5.78988367,-3.16269090,-1,-0.9998134303198509
1.67577855e+03,2.59999964,-1.62525743e-10,3.62519746,1.52077639,-1.84509854,7.15399997e-01,4.48623526e-05,5.79379670,-3.15096376,-1,-0.9997967403612109
1.76196565e+03,2.59999963,-1.58664932e-10,3.62573994,1.51659747,-1.84509854,7.15399997e-01,4.48623526e-05,5.79781809,-3.13890877,-1,-0.9997791644136798
1.85255683e+03,2.59999961,-1.54843575e-10,3.62626312,1.51231131,-1.84509854,7.15399997e-01,4.48623526e-05,5.80194439,-3.12654102,-1,-0.999760690351709
1.94767584e+03,2.59999960,-1.50947478e-10,3.62677836,1.50792167,-1.84509854,7.15399997e-01,4.48623526e-05,5.80617116,-3.11387135,-1,-0.9997412929392311
2.04759710e+03,2.59999958,-1.47082250e-10,3.62733390,1.50342559,-1.84509853,7.15399997e-01,4.48623526e-05,5.81050116,-3.10088974,-1,-0.999720916214373
2.15258320e+03,2.59999957,-1.43181343e-10,3.62787444,1.49882426,-1.84509853,7.15399997e-01,4.48623526e-05,5.81493378,-3.08760141,-1,-0.9996995066277282
2.26295273e+03,2.59999955,-1.39330846e-10,3.62844857,1.49411551,-1.84509853,7.15399997e-01,4.48623526e-05,5.81947072,-3.07399953,-1,-0.9996769992099322
2.37899051e+03,2.59999954,-1.35483273e-10,3.62903877,1.48930113,-1.84509853,7.15399997e-01,4.48623526e-05,5.82411042,-3.06008805,-1,-0.9996533358782629
2.50090399e+03,2.59999952,-1.31730592e-10,3.62967320,1.48437951,-1.84509853,7.15399997e-01,4.48623526e-05,5.82885387,-3.04586392,-1,-0.9996284743278937
2.62905221e+03,2.59999950,-1.27955899e-10,3.63027946,1.47935468,-1.84509853,7.15399997e-01,4.48623526e-05,5.83369788,-3.03133495,-1,-0.9996023413405796
2.76371538e+03,2.59999949,-1.24226677e-10,3.63090760,1.47422695,-1.84509853,7.15399997e-01,4.48623526e-05,5.83864228,-3.01650332,-1,-0.9995748797737057
2.90519284e+03,2.59999947,-1.20533711e-10,3.63153819,1.46899929,-1.84509853,7.15399997e-01,4.48623526e-05,5.84368473,-3.00137450,-1,-0.9995460285835183
3.05382201e+03,2.59999945,-1.16888708e-10,3.63219728,1.46367108,-1.84509853,7.15399997e-01,4.48623526e-05,5.84882541,-2.98595332,-1,-0.9995157189606915
3.20990265e+03,2.59999943,-1.13266177e-10,3.63282541,1.45824671,-1.84509853,7.15399997e-01,4.48623526e-05,5.85406075,-2.97024665,-1,-0.9994838897758218
3.37387785e+03,2.59999942,-1.09671623e-10,3.63354618,1.45272260,-1.84509853,7.15399997e-01,4.48623526e-05,5.85939245,-2.95424967,-1,-0.999450450670531
3.54617803e+03,2.59999940,-1.06207098e-10,3.63422197,1.44710215,-1.84509853,7.15399997e-01,4.48623526e-05,5.86481888,-2.93796797,-1,-0.9994153138702058
3.72728628e+03,2.59999938,-1.02746915e-10,3.63488162,1.44138972,-1.84509853,7.15399997e-01,4.48623526e-05,5.87033565,-2.92140867,-1,-0.9993783808593553
3.91740086e+03,2.59999936,-9.93297332e-11,3.63556650,1.43558757,-1.84509853,7.15399997e-01,4.48623526e-05,5.87593999,-2.90458509,-1,-0.9993396112072496
4.11713617e+03,2.59999934,-9.59732897e-11,3.63629221,1.42969377,-1.84509853,7.15399997e-01,4.48623526e-05,5.88163469,-2.88748738,-1,-0.9992988796206352
4.32715636e+03,2.59999932,-9.27085675e-11,3.63698839,1.42373677,-1.84509853,7.15399997e-01,4.48623526e-05,5.88727848,-2.87040086,-1,-0.9992560506608497
4.54741155e+03,2.59999930,-8.95210477e-11,3.63768826,1.41769453,-1.84509853,7.15399997e-01,4.48623526e-05,5.89306177,-2.85296990,-1,-0.9992111344998125
4.77924215e+03,2.59999928,-8.63411242e-11,3.63841863,1.41156139,-1.84509853,7.15399997e-01,4.48623526e-05,5.89897431,-2.83520075,-1,-0.9991638577906329
5.02229796e+03,2.59999926,-8.32902970e-11,3.63915601,1.40532822,-1.84509853,7.15399997e-01,4.48623526e-05,5.90500310,-2.81709685,-1,-0.9991142919488338
5.27808928e+03,2.59999924,-8.03230267e-11,3.63992625,1.39902739,-1.84509853,7.15399997e-01,4.48623527e-05,5.91109605,-2.79879554,-1,-0.9990621289822268
5.54641437e+03,2.59999922,-7.73636342e-11,3.64067978,1.39264984,-1.84509853,7.15399996e-01,4.48623527e-05,5.91726636,-2.78026303,-1,-0.9990074100312103
5.82831479e+03,2.59999920,-7.45097656e-11,3.64141791,1.38619283,-1.84509853,7.15399996e-01,4.48623528e-05,5.92351722,-2.76148854,-1,-0.9989499226927229
6.12456131e+03,2.59999918,-7.17430644e-11,3.64219442,1.37965613,-1.84509852,7.15399996e-01,4.48623529e-05,5.92984685,-2.74247755,-1,-0.9988895097853177
6.43550000e+03,2.59999915,-6.90120403e-11,3.64299213,1.37304887,-1.84509852,7.15399996e-01,4.48623530e-05,5.93624652,-2.72325379,-1,-0.9988261007356934
6.76209375e+03,2.59999913,-6.63902912e-11,3.64371864,1.36639227,-1.84509852,7.15399996e-01,4.48623533e-05,5.94269661,-2.70387608,-1,-0.9987594991837904
7.10540967e+03,2.59999911,-6.38473045e-11,3.64453173,1.35965102,-1.84509852,7.15399996e-01,4.48623540e-05,5.94922990,-2.68424672,-1,-0.9986894875161909
7.46569773e+03,2.59999909,-6.13354763e-11,3.64529783,1.35284066,-1.84509852,7.15399996e-01,4.48623552e-05,5.95583311,-2.66440644,-1,-0.9986160147570577
7.84409040e+03,2.59999906,-5.89177794e-11,3.64609482,1.34597211,-1.84509852,7.15399996e-01,4.48623576e-05,5.96249471,-2.64438835,-1,-0.998538849964251
8.24142746e+03,2.59999904,-5.65704138e-11,3.64689179,1.33904341,-1.84509852,7.15399996e-01,4.48623619e-05,5.96921710,-2.62418911,-1,-0.9984578218832647
8.65917067e+03,2.59999902,-5.43211391e-11,3.64773149,1.33205277,-1.84509852,7.15399996e-01,4.48623688e-05,5.97600239,-2.60380506,-1,-0.9983726324205668
9.09778592e+03,2.59999900,-5.21456711e-11,3.64855501,1.32500509,-1.84509851,7.15399995e-01,4.48623783e-05,5.98284591,-2.58324605,-1,-0.9982831865682248
9.55825815e+03,2.59999897,-5.00174471e-11,3.64933121,1.31791601,-1.84509851,7.15399995e-01,4.48623917e-05,5.98973359,-2.56255551,-1,-0.99818928346957
1.00419650e+04,2.59999895,-4.79581742e-11,3.65014772,1.31077796,-1.84509851,7.15399995e-01,4.48624098e-05,5.99667112,-2.54171725,-1,-0.9980906421854788
1.05498989e+04,2.59999893,-4.59776637e-11,3.65097258,1.30356890,-1.84509851,7.15399995e-01,4.48624388e-05,6.00368001,-2.52066234,-1,-0.9979870603318636
1.10832940e+04,2.59999890,-4.40611143e-11,3.65178490,1.29632200,-1.84509850,7.15399994e-01,4.48624936e-05,6.01072862,-2.49949064,-1,-0.9978782862312033
1.16435350e+04,2.59999888,-4.22134179e-11,3.65261866,1.28902697,-1.84509850,7.15399994e-01,4.48625825e-05,6.01782656,-2.47817253,-1,-0.997764037504644
1.22317035e+04,2.59999885,-4.04299017e-11,3.65340487,1.28169417,-1.84509850,7.15399994e-01,4.48627114e-05,6.02496432,-2.45673807,-1,-0.997644093583854
1.28496079e+04,2.59999883,-3.87131250e-11,3.65424392,1.27431103,-1.84509850,7.15399994e-01,4.48629194e-05,6.03215377,-2.43514666,-1,-0.9975180856857613
1.34985562e+04,2.59999880,-3.70600530e-11,3.65509411,1.26688735,-1.84509849,7.15399993e-01,4.48631949e-05,6.03938520,-2.41343077,-1,-0.9973857470727754
1.41799639e+04,2.59999878,-3.54777326e-11,3.65591491,1.25943806,-1.84509849,7.15399993e-01,4.48635241e-05,6.04664426,-2.39163375,-1,-0.9972467890850653
1.48955581e+04,2.59999876,-3.39493794e-11,3.65673893,1.25195573,-1.84509849,7.15399993e-01,4.48640799e-05,6.05393803,-2.36973472,-1,-0.9971008595188906
1.56468416e+04,2.59999873,-3.24696667e-11,3.65754067,1.24444585,-1.84509849,7.15399992e-01,4.48649172e-05,6.06126187,-2.34774635,-1,-0.9969476519115216
1.64364904e+04,2.59999871,-3.10779347e-11,3.65844508,1.23690011,-1.84509849,7.15399992e-01,4.48661189e-05,6.06862261,-2.32564777,-1,-0.9967866205521082
1.72653604e+04,2.59999868,-2.97159824e-11,3.65925113,1.22932249,-1.84509848,7.15399991e-01,4.48681664e-05,6.07601778,-2.30344519,-1,-0.9966175908988283
1.81366155e+04,2.59999866,-2.84191940e-11,3.66011418,1.22175369,-1.84509848,7.15399990e-01,4.48708394e-05,6.08340664,-2.28126160,-1,-0.9964399177444477
1.90509280e+04,2.59999863,-2.71700424e-11,3.66091234,1.21414862,-1.84509848,7.15399988e-01,4.48752334e-05,6.09083317,-2.25896707,-1,-0.9962534639882923
2.00116096e+04,2.59999861,-2.59705937e-11,3.66173184,1.20656675,-1.84509848,7.15399986e-01,4.48823943e-05,6.09823896,-2.23673808,-1,-0.996057554282596
2.10202779e+04,2.59999858,-2.48334414e-11,3.66254039,1.19895572,-1.84509848,7.15399983e-01,4.48910293e-05,6.10567561,-2.21441554,-1,-0.9958518587537152
2.20801965e+04,2.59999855,-2.37418361e-11,3.66339230,1.19136101,-1.84509848,7.15399978e-01,4.49043689e-05,6.11309896,-2.19213536,-1,-0.995635711862812
2.31930836e+04,2.59999853,-2.27020734e-11,3.66418913,1.18379116,-1.84509848,7.15399971e-01,4.49253280e-05,6.12050076,-2.16992148,-1,-0.9954087632211036
2.43627214e+04,2.59999850,-2.17079439e-11,3.66495133,1.17626281,-1.84509848,7.15399960e-01,4.49596116e-05,6.12786410,-2.14781969,-1,-0.9951702415327844
2.55927968e+04,2.59999848,-2.07588158e-11,3.66579555,1.16878331,-1.84509848,7.15399946e-01,4.49993193e-05,6.13518154,-2.12585335,-1,-0.9949193949363698
2.68845673e+04,2.59999845,-1.98712835e-11,3.66655737,1.16137612,-1.84509847,7.15399929e-01,4.50522721e-05,6.14243086,-2.10409557,-1,-0.9946559669926244
2.82428949e+04,2.59999842,-1.90267457e-11,3.66734103,1.15407675,-1.84509847,7.15399909e-01,4.51119887e-05,6.14957682,-2.08265207,-1,-0.9943789662044807
2.96708657e+04,2.59999840,-1.82370175e-11,3.66807476,1.14692590,-1.84509847,7.15399878e-01,4.52055201e-05,6.15657949,-2.06164242,-1,-0.9940877632302895
3.11728141e+04,2.59999837,-1.74891142e-11,3.66878529,1.13995546,-1.84509847,7.15399832e-01,4.53428764e-05,6.16340706,-2.04115679,-1,-0.9937814741653017
3.27531379e+04,2.59999834,-1.67965148e-11,3.66949256,1.13319125,-1.84509847,7.15399778e-01,4.55057243e-05,6.17003414,-2.02127136,-1,-0.9934592021757448
3.44162805e+04,2.59999832,-1.61602495e-11,3.67017789,1.12668953,-1.84509847,7.15399691e-01,4.57650918e-05,6.17640536,-2.00215236,-1,-0.9931200411287372
3.61656647e+04,2.59999829,-1.55720188e-11,3.67079498,1.12049974,-1.84509847,7.15399575e-01,4.61131611e-05,6.18247282,-1.98394564,-1,-0.9927632930201322
3.80109353e+04,2.59999826,-1.50353633e-11,3.67141476,1.11464859,-1.84509847,7.15399445e-01,4.65038151e-05,6.18820960,-1.96673111,-1,-0.9923869910068783
3.99513103e+04,2.59999823,-1.45492079e-11,3.67200104,1.10914315,-1.84509847,7.15399266e-01,4.70395192e-05,6.19360903,-1.95053480,-1,-0.9919912945605319
4.19966416e+04,2.59999820,-1.41078440e-11,3.67250573,1.10401668,-1.84509847,7.15399036e-01,4.77308895e-05,6.19863795,-1.93544948,-1,-0.99157419460459
4.41485913e+04,2.59999817,-1.37101185e-11,3.67298816,1.09923176,-1.84509847,7.15398765e-01,4.85428393e-05,6.20333274,-1.92136863,-1,-0.9911353521906204
4.64133444e+04,2.59999814,-1.33439157e-11,3.67341730,1.09474236,-1.84509847,7.15398425e-01,4.95632997e-05,6.20773844,-1.90815610,-1,-0.9906735060250483
4.87980629e+04,2.59999811,-1.30076864e-11,3.67387516,1.09050222,-1.84509847,7.15397982e-01,5.08923035e-05,6.21189999,-1.89567613,-1,-0.9901871955768172
5.13070421e+04,2.59999808,-1.27023994e-11,3.67430452,1.08640004,-1.84509847,7.15397626e-01,5.19612595e-05,6.21592682,-1.88359912,-1,-0.9896755449147561
5.39442669e+04,2.59999805,-1.24019539e-11,3.67470455,1.08234470,-1.84509847,7.15397197e-01,5.32459260e-05,6.21990843,-1.87165743,-1,-0.9891377414068896
5.67140259e+04,2.59999801,-1.21050775e-11,3.67511595,1.07823566,-1.84509847,7.15396724e-01,5.46669872e-05,6.22394341,-1.85955552,-1,-0.988572910488363
5.96242287e+04,2.59999798,-1.18044480e-11,3.67554838,1.07395881,-1.84509847,7.15396224e-01,5.61655499e-05,6.22814401,-1.84695717,-1,-0.9879794391716809
6.26845699e+04,2.59999794,-1.14927969e-11,3.67599137,1.06937868,-1.84509847,7.15395693e-01,5.77598673e-05,6.23264307,-1.83346496,-1,-0.9873553504581861
6.58934462e+04,2.59999791,-1.11584625e-11,3.67649414,1.06437981,-1.84509847,7.15395219e-01,5.91814127e-05,6.23755407,-1.81873806,-1,-0.9867009713053548
6.92546082e+04,2.59999787,-1.07958955e-11,3.67701972,1.05883390,-1.84509847,7.15394700e-01,6.07397274e-05,6.24300337,-1.80239797,-1,-0.9860155368615001
7.27757170e+04,2.59999783,-1.04020134e-11,3.67766348,1.05258780,-1.84509847,7.15394219e-01,6.21819090e-05,6.24914136,-1.78399103,-1,-0.9852974848151901
7.64562676e+04,2.59999780,-9.97008683e-12,3.67835558,1.04554491,-1.84509847,7.15393768e-01,6.35344065e-05,6.25606384,-1.76323261,-1,-0.9845469181499743
8.02950614e+04,2.59999776,-9.50258285e-12,3.67911672,1.03757015,-1.84509847,7.15393429e-01,6.45508214e-05,6.26390446,-1.73972134,-1,-0.9837640812937396
8.42972573e+04,2.59999772,-9.00330735e-12,3.67999189,1.02867477,-1.84509847,7.15393164e-01,6.53473876e-05,6.27265231,-1.71349152,-1,-0.9829479222032483
8.84649993e+04,2.59999769,-8.49057529e-12,3.68090124,1.01900673,-1.84509847,7.15392972e-01,6.59233508e-05,6.28216178,-1.68497509,-1,-0.9820980036572515
9.28169969e+04,2.59999765,-7.98144982e-12,3.68187577,1.00880025,-1.84509847,7.15392870e-01,6.62286555e-05,6.29220361,-1.65486566,-1,-0.9812105102681759
9.73733540e+04,2.59999762,-7.49437620e-12,3.68288057,9.98383117e-01,-1.84509847,7.15392848e-01,6.62955640e-05,6.30245664,-1.62412690,-1,-0.9802813422914934
1.02152088e+05,2.59999758,-7.03734930e-12,3.68386712,9.87989354e-01,-1.84509847,7.15392840e-01,6.63193762e-05,6.31269035,-1.59344519,-1,-0.9793068254780761
1.07173702e+05,2.59999755,-6.61438462e-12,3.68486030,9.77704417e-01,-1.84509847,7.15392838e-01,6.63238503e-05,6.32281980,-1.56307669,-1,-0.9782827786754101
1.12443833e+05,2.59999751,-6.22047678e-12,3.68577742,9.67553540e-01,-1.84509847,7.15392838e-01,6.63243194e-05,6.33296684,-1.53282239,-1,-0.9772080523423663
1.17973665e+05,2.59999748,-5.84821725e-12,3.68667468,9.57433859e-01,-1.84509847,7.15392838e-01,6.63243512e-05,6.34293854,-1.50292649,-1,-0.9760803657501909
1.23785840e+05,2.59999745,-5.50485032e-12,3.68761284,9.47423523e-01,-1.84509847,7.15392838e-01,6.63243526e-05,6.35280537,-1.47335152,-1,-0.9748951015651529
1.29889634e+05,2.59999742,-5.18312524e-12,3.68849453,9.37531675e-01,-1.84509847,7.15392838e-01,6.63243526e-05,6.36255621,-1.44412063,-1,-0.9736503681527814
1.36303851e+05,2.59999738,-4.88407912e-12,3.68939882,9.27738186e-01,-1.84509847,7.15392838e-01,6.63243526e-05,6.37221225,-1.41516828,-1,-0.972342330854324
1.43039093e+05,2.59999735,-4.60513300e-12,3.69027068,9.18044135e-01,-1.84509847,7.15392838e-01,6.63243526e-05,6.38177102,-1.38650100,-1,-0.9709688276270185
1.50109162e+05,2.59999732,-4.34304908e-12,3.69109027,9.08449612e-01,-1.84551754,7.15404502e-01,6.63233849e-05,6.39114510,-1.35802715,-1,-0.9695270438590748
1.57541780e+05,2.59999729,-4.09935250e-12,3.69198105,8.98931474e-01,-1.84716006,7.15455130e-01,6.63192595e-05,6.40032108,-1.32962329,-1,-0.9680113262634297
1.65343748e+05,2.59999726,-3.87123438e-12,3.69282001,8.89501358e-01,-1.84730762,7.15454949e-01,6.63192705e-05,6.40929526,-1.30130301,-1,-0.96642028792697
1.73533087e+05,2.59999723,-3.65568702e-12,3.69360446,8.80159702e-01,-1.84732026,7.15450126e-01,6.63196598e-05,6.41807327,-1.27305762,-1,-0.9647502538664272
1.82130552e+05,2.59999720,-3.45280170e-12,3.69435194,8.70904123e-01,-1.84701876,7.15440903e-01,6.63204102e-05,6.42666633,-1.24486706,-1,-0.9629969915598693
1.91170468e+05,2.59999717,-3.26577346e-12,3.69520256,8.61711693e-01,-1.84666272,7.15430458e-01,6.63212628e-05,6.43510823,-1.21665492,-1,-0.9611535011848286
2.00650878e+05,2.59999714,-3.08720602e-12,3.69592542,8.52607955e-01,-1.84612093,7.15413631e-01,6.63226424e-05,6.44338326,-1.18848769,-1,-0.9592201818280514
2.10622949e+05,2.59999711,-2.92241876e-12,3.69676758,8.43558167e-01,-1.84760689,7.15443120e-01,6.63202099e-05,6.45153388,-1.16026078,-1,-0.9571865991147028
2.21083150e+05,2.59999708,-2.76512388e-12,3.69747830,8.34595686e-01,-1.84697867,7.15429449e-01,6.63213307e-05,6.45953873,-1.13205293,-1,-0.9550534731139202
2.32065165e+05,2.59999705,-2.61728718e-12,3.69816276,8.25710201e-01,-1.84604832,7.15409134e-01,6.63230047e-05,6.46741521,-1.10382109,-1,-0.9528139347209691
2.43603994e+05,2.59999702,-2.47868723e-12,3.69888886,8.16890346e-01,-1.84567981,7.15400811e-01,6.63236914e-05,6.47517741,-1.07552518,-1,-0.9504608464621025
2.55728286e+05,2.59999699,-2.35006792e-12,3.69967593,8.08128697e-01,-1.84809574,7.15437297e-01,6.63206533e-05,6.48283883,-1.04713802,-1,-0.9479883660091665
2.68455146e+05,2.59999696,-2.22747937e-12,3.70039110,7.99442600e-01,-1.84749830,7.15428033e-01,6.63214132e-05,6.49039198,-1.01868921,-1,-0.945393005176777
2.81839587e+05,2.59999693,-2.11431169e-12,3.70121511,7.90808178e-01,-1.85095145,7.15464577e-01,6.63184600e-05,6.49786939,-9.90099213e-01,-1,-0.9426635452836983
2.95866958e+05,2.59999691,-2.00507097e-12,3.70185420,7.82265179e-01,-1.84959388,7.15448692e-01,6.63197591e-05,6.50524193,-9.61458828e-01,-1,-0.939802974076441
3.10602467e+05,2.59999688,-1.90324857e-12,3.70253866,7.73787901e-01,-1.84828681,7.15430332e-01,6.63212646e-05,6.51253465,-9.32680524e-01,-1,-0.9367979938296305
3.26083252e+05,2.59999685,-1.80636320e-12,3.70316832,7.65393983e-01,-1.84668867,7.15410005e-01,6.63229368e-05,6.51973845,-9.03787166e-01,-1,-0.9336410310718377
3.42351669e+05,2.59999682,-1.71619815e-12,3.70395502,7.57062157e-01,-1.85008375,7.15440016e-01,6.63204560e-05,6.52688120,-8.74715095e-01,-1,-0.9303234482362617
3.59382757e+05,2.59999679,-1.62978851e-12,3.70444311,7.48840324e-01,-1.84509868,7.15392847e-01,6.63243515e-05,6.53392899,-8.45581833e-01,-1,-0.9268503355652511
3.77334866e+05,2.59999676,-1.55004733e-12,3.70513776,7.40668367e-01,-1.84509855,7.15392844e-01,6.63243520e-05,6.54094220,-8.16177948e-01,-1,-0.9231894010882956
3.96181385e+05,2.59999673,-1.47486045e-12,3.70583607,7.32570476e-01,-1.84509853,7.15392845e-01,6.63243518e-05,6.54791007,-7.86582110e-01,-1,-0.919346071528649
4.15978878e+05,2.59999671,-1.40406927e-12,3.70649100,7.24558399e-01,-1.84509871,7.15392849e-01,6.63243513e-05,6.55483623,-7.56784525e-01,-1,-0.9153088119130247
4.36784953e+05,2.59999668,-1.33784457e-12,3.70721670,7.16619378e-01,-1.84509871,7.15392851e-01,6.63243511e-05,6.56174394,-7.26736301e-01,-1,-0.9110658743674905
4.58634164e+05,2.59999665,-1.27494995e-12,3.70790559,7.08768454e-01,-1.84509884,7.15392855e-01,6.63243506e-05,6.56863000,-6.96453850e-01,-1,-0.9066102123701076
4.81588222e+05,2.59999662,-1.21599088e-12,3.70858274,7.01009319e-01,-1.84509880,7.15392855e-01,6.63243505e-05,6.57550158,-6.65920764e-01,-1,-0.9019292413310928
5.05703034e+05,2.59999659,-1.16051231e-12,3.70928447,6.93342720e-01,-1.84509891,7.15392858e-01,6.63243501e-05,6.58237100,-6.35104104e-01,-1,-0.8970115602577381
5.31055477e+05,2.59999656,-1.10847160e-12,3.71003340,6.85771796e-01,-1.84509856,7.15392855e-01,6.63243505e-05,6.58924874,-6.03973352e-01,-1,-0.8918414917909218
5.57681240e+05,2.59999654,-1.05990370e-12,3.71076010,6.78303186e-01,-1.84509875,7.15392861e-01,6.63243498e-05,6.59614285,-5.72529483e-01,-1,-0.8864117579506277
5.85658064e+05,2.59999651,-1.01407463e-12,3.71149066,6.70944799e-01,-1.84509871,7.15392863e-01,6.63243494e-05,6.60306635,-5.40744990e-01,-1,-0.8807065051840967
6.15064267e+05,2.59999648,-9.71044139e-13,3.71224446,6.63703754e-01,-1.84509872,7.15392866e-01,6.63243491e-05,6.61002950,-5.08585104e-01,-1,-0.8747097622722163
6.45962256e+05,2.59999645,-9.30808177e-13,3.71306348,6.56583352e-01,-1.84509861,7.15392869e-01,6.63243486e-05,6.61704468,-4.76028101e-01,-1,-0.8684088026914398
6.78450468e+05,2.59999642,-8.93609201e-13,3.71385823,6.49599947e-01,-1.84509855,7.15392873e-01,6.63243480e-05,6.62412278,-4.43048197e-01,-1,-0.8617835523988174
7.12579223e+05,2.59999639,-8.58683839e-13,3.71469101,6.42760462e-01,-1.84509876,7.15392879e-01,6.63243471e-05,6.63127557,-4.09616920e-01,-1,-0.8548237497463788
7.48461840e+05,2.59999636,-8.26396131e-13,3.71557642,6.36077123e-01,-1.84509862,7.15392885e-01,6.63243463e-05,6.63852092,-3.75690378e-01,-1,-0.8475062858373366
7.86191170e+05,2.59999633,-7.96422365e-13,3.71649277,6.29566750e-01,-1.84509865,7.15392892e-01,6.63243453e-05,6.64587440,-3.41234506e-01,-1,-0.8398122257695511
8.25831478e+05,2.59999630,-7.68693240e-13,3.71743304,6.23247196e-01,-1.84509877,7.15392901e-01,6.63243439e-05,6.65334718,-3.06221565e-01,-1,-0.8317284641215834
8.67502507e+05,2.59999627,-7.43587751e-13,3.71847915,6.17131630e-01,-1.84509902,7.15392912e-01,6.63243423e-05,6.66096776,-2.70588230e-01,-1,-0.823230581964322
9.11333838e+05,2.59999624,-7.20631655e-13,3.71954098,6.11253838e-01,-1.84509870,7.15392920e-01,6.63243410e-05,6.66875192,-2.34295263e-01,-1,-0.8142921541267486
9.57397610e+05,2.59999620,-7.00030305e-13,3.72067857,6.05640168e-01,-1.84509864,7.15392931e-01,6.63243393e-05,6.67672175,-1.97290692e-01,-1,-0.8048984694597594
1.00580486e+06,2.59999617,-6.81750645e-13,3.72187604,6.00325176e-01,-1.84509867,7.15392945e-01,6.63243371e-05,6.68490065,-1.59523240e-01,-1,-0.7950268844298554
1.05666755e+06,2.59999614,-6.66211307e-13,3.72320903,5.95347770e-01,-1.84509866,7.15392961e-01,6.63243347e-05,6.69332030,-1.20922135e-01,-1,-0.7846545668703029
1.11010509e+06,2.59999610,-6.52954188e-13,3.72458406,5.90766820e-01,-1.84510010,7.15392988e-01,6.63243308e-05,6.70200893,-8.14254481e-02,-1,-0.7737571657599548
1.16621640e+06,2.59999606,-6.42580668e-13,3.72608775,5.86645093e-01,-1.84509916,7.15393003e-01,6.63243282e-05,6.71100286,-4.09545738e-02,-1,-0.7623145085587235
1.22509887e+06,2.59999603,-6.35308589e-13,3.72771093,5.83070998e-01,-1.84509912,7.15393026e-01,6.63243245e-05,6.72034309,5.60067077e-04,-1,-0.7503067347360879
1.28678791e+06,2.59999599,-6.31740909e-13,3.72951986,5.80139612e-01,-1.84509992,7.15393057e-01,6.63243196e-05,6.73006639,4.31787122e-02,-1,-0.7377266232078943
1.35132900e+06,2.59999595,-6.31894031e-13,3.73145324,5.77982044e-01,-1.84509968,7.15393088e-01,6.63243146e-05,6.74021872,8.69911590e-02,-1,-0.7245648993368277
1.41861822e+06,2.59999590,-6.36974709e-13,3.73359201,5.76759038e-01,-1.84509921,7.15393123e-01,6.63243089e-05,6.75081187,1.31882295e-01,-1,-0.7108427553020825
1.48853123e+06,2.59999586,-6.48286239e-13,3.73593580,5.76665582e-01,-1.84509895,7.15393166e-01,6.63243021e-05,6.76191182,1.78014439e-01,-1,-0.6965855474889651
1.56068638e+06,2.59999581,-6.67693498e-13,3.73852688,5.77964561e-01,-1.84509904,7.15393217e-01,6.63242939e-05,6.77353983,2.25291863e-01,-1,-0.6818711049504924
1.63435655e+06,2.59999576,-6.98184858e-13,3.74141051,5.80949209e-01,-1.84509906,7.15393276e-01,6.63242844e-05,6.78570075,2.73564179e-01,-1,-0.6668477076841225
1.70853427e+06,2.59999571,-7.42433744e-13,3.74458187,5.85867789e-01,-1.84509951,7.15393347e-01,6.63242731e-05,6.79830422,3.22284311e-01,-1,-0.6517208068520278
1.78179569e+06,2.59999565,-8.03791890e-13,3.74810653,5.92809218e-01,-1.84509979,7.15393428e-01,6.63242600e-05,6.81122211,3.70779760e-01,-1,-0.6367807650826336
1.85349718e+06,2.59999559,-8.84058112e-13,3.75188365,6.01602293e-01,-1.84509960,7.15393525e-01,6.63242446e-05,6.82443032,4.18867278e-01,-1,-0.6221588364395932
1.92345306e+06,2.59999552,-9.84128521e-13,3.75592851,6.11652209e-01,-1.84509957,7.15393642e-01,6.63242259e-05,6.83795744,4.66625289e-01,-1,-0.6078928862407746
1.99304459e+06,2.59999545,-1.10150834e-12,3.76022507,6.22043683e-01,-1.84509974,7.15393791e-01,6.63242019e-05,6.85211777,5.15165127e-01,-1,-0.5937012371436637
2.06386236e+06,2.59999537,-1.23164333e-12,3.76483619,6.31826765e-01,-1.84510003,7.15393995e-01,6.63241694e-05,6.86727983,5.65737419e-01,-1,-0.5792595235949043
2.13645491e+06,2.59999527,-1.37109261e-12,3.76985840,6.40446652e-01,-1.84510045,7.15394286e-01,6.63241229e-05,6.88360361,6.18878309e-01,-1,-0.5644558830273745
2.21016352e+06,2.59999516,-1.52100595e-12,3.77531647,6.48003694e-01,-1.84510107,7.15394722e-01,6.63240532e-05,6.90097866,6.74248583e-01,-1,-0.5494246467755519
2.28389605e+06,2.59999505,-1.68234782e-12,3.78132034,6.54435245e-01,-1.84510210,7.15395423e-01,6.63239409e-05,6.91917445,7.31134633e-01,-1,-0.5343885325702429
2.35656889e+06,2.59999492,-1.85383015e-12,3.78804055,6.59364664e-01,-1.84510397,7.15396670e-01,6.63237407e-05,6.93793147,7.88727498e-01,-1,-0.519568518637937
2.42711426e+06,2.59999478,-2.03158328e-12,3.79563625,6.62320477e-01,-1.84510802,7.15399225e-01,6.63233305e-05,6.95694606,8.46140927e-01,-1,-0.5051823550277125
2.49421538e+06,2.59999464,-2.20679546e-12,3.80430973,6.62577002e-01,-1.84511652,7.15404376e-01,6.63225114e-05,6.97578779,9.02199078e-01,-1,-0.4914985698161627
2.55583404e+06,2.59999450,-2.36455682e-12,3.81434117,6.58977264e-01,-1.84512549,7.15409982e-01,6.63216322e-05,6.99376560,9.54942520e-01,-1,-0.4789328107280354
2.61089921e+06,2.59999436,-2.49010269e-12,3.82569315,6.51194712e-01,-1.84513581,7.15416383e-01,6.63206283e-05,7.01040102,1.00308792,-1,-0.4677034905778281
2.66195149e+06,2.59999423,-2.59525641e-12,3.83772142,6.41102767e-01,-1.84514775,7.15423651e-01,6.63194888e-05,7.02631814,1.04857421,-1,-0.4572925103426264
2.71072783e+06,2.59999410,-2.68904157e-12,3.85010938,6.29732271e-01,-1.84516036,7.15431411e-01,6.63182710e-05,7.04197623,1.09277090,-1,-0.4473456575931414
2.75848786e+06,2.59999397,-2.77948650e-12,3.86266685,6.17751224e-01,-1.84516930,7.15437247e-01,6.63173546e-05,7.05773119,1.13671062,-1,-0.4376060587277697
2.80564237e+06,2.59999384,-2.86525709e-12,3.87537125,6.05180097e-01,-1.84517806,7.15443117e-01,6.63164313e-05,7.07357851,1.18035146,-1,-0.4279899422367799
2.85206777e+06,2.59999370,-2.94661142e-12,3.88820384,5.92087787e-01,-1.84518886,7.15450221e-01,6.63153138e-05,7.08967397,1.22414233,-1,-0.4185225115596126
2.89806454e+06,2.59999357,-3.02222048e-12,3.90116324,5.78439249e-01,-1.84520025,7.15457711e-01,6.63141355e-05,7.10585059,1.26759682,-1,-0.40914249046450935
2.94358953e+06,2.59999343,-3.09168479e-12,3.91423844,5.64248840e-01,-1.84521190,7.15465401e-01,6.63129255e-05,7.12237103,1.31114533,-1,-0.3998586784369612
2.98903401e+06,2.59999328,-3.15245420e-12,3.92743860,5.49402040e-01,-1.84522429,7.15473660e-01,6.63116251e-05,7.13914866,1.35430947,-1,-0.3905912846383097
3.03442147e+06,2.59999314,-3.20297665e-12,3.94076136,5.33871813e-01,-1.84523726,7.15482486e-01,6.63102336e-05,7.15637785,1.39718493,-1,-0.3813355188040314
3.08024171e+06,2.59999299,-3.24064435e-12,3.95421724,5.17511695e-01,-1.84525153,7.15492227e-01,6.63086977e-05,7.17421410,1.43913104,-1,-0.37199149708723045
3.12680148e+06,2.59999284,-3.26112561e-12,3.96781278,5.00189720e-01,-1.84526707,7.15502906e-01,6.63070135e-05,7.19291281,1.47987920,-1,-0.3624966646287088
3.17510152e+06,2.59999268,-3.25854255e-12,3.98156927,4.81548031e-01,-1.84528413,7.15514852e-01,6.63051279e-05,7.21295773,1.51821045,-1,-0.3526469427005313
3.22644959e+06,2.59999252,-3.22146879e-12,3.99550667,4.61083261e-01,-1.84530383,7.15528702e-01,6.63029422e-05,7.23643092,1.55082578,-1,-0.3421756426550534
3.28461908e+06,2.59999233,-3.12386323e-12,4.00959657,4.37427236e-01,-1.84532844,7.15546120e-01,6.63001937e-05,7.26398001,1.57272346,-1,-0.3303132652904819
3.36428360e+06,2.59999209,-2.83622592e-12,4.02208737,4.05422455e-01,-1.84536671,7.15573575e-01,6.62958606e-05,7.28999663,1.57117392,-1,-0.31406745328822006
3.44409868e+06,2.59999189,-2.37870523e-12,4.02362316,3.76200613e-01,-1.84541282,7.15606636e-01,6.62906451e-05,7.29967800,1.54427708,-1,-0.2977909379131761
3.44961762e+06,2.59999187,-2.73685697e-12,4.01042866,3.87007797e-01,-1.84533526,7.15555284e-01,6.62987516e-05,7.29860877,1.54049532,-1,-0.2966654725028308
3.49178590e+06,2.59999176,-2.61211373e-12,4.00676930,3.81349372e-01,-1.84517785,7.15449911e-01,6.63153732e-05,7.29950883,1.52825559,-1,-0.28806618703247666
3.56442165e+06,2.59999158,-2.25638984e-12,4.00186952,3.64659506e-01,-1.84515935,7.15437349e-01,6.63173491e-05,7.30017893,1.51568818,-1,-0.27325373678306464
3.66253960e+06,2.59999138,-1.94395626e-12,3.99682102,3.50879629e-01,-1.84515596,7.15435373e-01,6.63176588e-05,7.30107539,1.51395470,-1,-0.25324475700452165
3.82304261e+06,2.59999109,-1.82680934e-12,4.00046789,3.42781911e-01,-1.84515729,7.15436988e-01,6.63174027e-05,7.30737868,1.54249103,-1,-0.2205137278555711
3.93404240e+06,2.59999088,-1.91223297e-12,4.01017313,3.38788645e-01,-1.84515834,7.15438235e-01,6.63172034e-05,7.31639709,1.58153030,-1,-0.1978777825108864
4.02167293e+06,2.59999070,-2.05563659e-12,4.02087959,3.34099819e-01,-1.84515874,7.15438962e-01,6.63170853e-05,7.32603264,1.62491145,-1,-0.18000747944449524
4.10258559e+06,2.59999053,-2.21947370e-12,4.03207716,3.27952999e-01,-1.84515885,7.15439479e-01,6.63169996e-05,7.33601203,1.67204621,-1,-0.16350713697129726
4.19545696e+06,2.59999031,-2.35776445e-12,4.04366384,3.18566671e-01,-1.84515911,7.15440180e-01,6.63168837e-05,7.34837851,1.71688417,-1,-0.1445680808216776
4.33641239e+06,2.59998998,-2.36441476e-12,4.05444667,3.01155242e-01,-1.84516071,7.15442094e-01,6.63165740e-05,7.36513673,1.74802093,-1,-0.11582334707473507
4.51286506e+06,2.59998958,-2.12955422e-12,4.05610084,2.80868146e-01,-1.84516527,7.15446228e-01,6.63159150e-05,7.37476033,1.74622361,-1,-0.07983973851075765
4.68412430e+06,2.59998924,-1.89970993e-12,4.05232431,2.69020425e-01,-1.84517121,7.15451291e-01,6.63151125e-05,7.37620538,1.73680329,-1,-0.04491521481199878
4.90437485e+06,2.59998885,-1.76028974e-12,4.04938424,2.64225601e-01,-1.84517865,7.15457620e-01,6.63141108e-05,7.37580187,1.73202005,0,0.0
5.04702912e+06,2.59998860,-1.73068039e-12,4.04895685,2.63681513e-01,-1.84518281,7.15461257e-01,6.63135350e-05,7.37568357,1.73139671,0,0.0002699145865947761
5.19439846e+06,2.59998835,-1.71912515e-12,4.04893091,2.63494303e-01,-1.84518674,7.15464726e-01,6.63129857e-05,7.37571820,1.73131655,0,0.0005487505056517018
5.34607729e+06,2.59998809,-1.71552713e-12,4.04903578,2.63346922e-01,-1.84519049,7.15468073e-01,6.63124559e-05,7.37583299,1.73137331,0,0.0008357403636813928
5.50199605e+06,2.59998782,-1.71429747e-12,4.04915117,2.63162721e-01,-1.84519414,7.15471351e-01,6.63119374e-05,7.37597166,1.73141342,0,0.0011307525469673885
5.66190187e+06,2.59998755,-1.71322426e-12,4.04924854,2.62944660e-01,-1.84519774,7.15474593e-01,6.63114248e-05,7.37611356,1.73142788,0,0.0014333086029438315
5.82825679e+06,2.59998726,-1.71146769e-12,4.04930959,2.62721842e-01,-1.84520130,7.15477822e-01,6.63109150e-05,7.37623488,1.73138891,0,0.0017480669306111833
5.99832151e+06,2.59998697,-1.70946676e-12,4.04935745,2.62512056e-01,-1.84520488,7.15481064e-01,6.63104036e-05,7.37634370,1.73132786,0,0.002069844530350442
6.17303239e+06,2.59998667,-1.70717512e-12,4.04938956,2.62320217e-01,-1.84520847,7.15484325e-01,6.63098899e-05,7.37643682,1.73124006,0,0.0024004130786932946
6.35422743e+06,2.59998636,-1.70487601e-12,4.04941502,2.62155252e-01,-1.84521207,7.15487603e-01,6.63093744e-05,7.37651660,1.73115286,0,0.0027432502353702294
6.53862591e+06,2.59998605,-1.70257321e-12,4.04943720,2.62003565e-01,-1.84521568,7.15490891e-01,6.63088581e-05,7.37658980,1.73106597,0,0.003092148585892124
6.73085502e+06,2.59998572,-1.70048490e-12,4.04945238,2.61879306e-01,-1.84521931,7.15494214e-01,6.63083376e-05,7.37665009,1.73096422,0,0.0034558631859327076
6.92687617e+06,2.59998539,-1.69850046e-12,4.04946417,2.61768329e-01,-1.84522295,7.15497554e-01,6.63078151e-05,7.37670414,1.73085528,0,0.0038267526634512042
7.12876826e+06,2.59998505,-1.69664852e-12,4.04947219,2.61673483e-01,-1.84522663,7.15500927e-01,6.63072889e-05,7.37675058,1.73074081,0,0.004208750482437661
7.33873392e+06,2.59998469,-1.69497878e-12,4.04947502,2.61600818e-01,-1.84523034,7.15504345e-01,6.63067575e-05,7.37678658,1.73061873,0,0.004606024215064095
7.54869959e+06,2.59998434,-1.69330904e-12,4.04947784,2.61528153e-01,-1.84523405,7.15507763e-01,6.63062262e-05,7.37682257,1.73049665,0,0.00500329796661142
7.77367710e+06,2.59998396,-1.69191440e-12,4.04947119,2.61487971e-01,-1.84523785,7.15511268e-01,6.63056854e-05,7.37684236,1.73035007,0,0.0054289754567052794
8.00037290e+06,2.59998357,-1.69055124e-12,4.04946345,2.61451506e-01,-1.84524165,7.15514784e-01,6.63051435e-05,7.37686028,1.73020068,0,0.0058579041045457685
8.22892191e+06,2.59998319,-1.68921203e-12,4.04945521,2.61418082e-01,-1.84524546,7.15518311e-01,6.63046004e-05,7.37687719,1.73005147,0,0.006290339190791663
8.47569105e+06,2.59998277,-1.68810836e-12,4.04944209,2.61414550e-01,-1.84524938,7.15521957e-01,6.63040455e-05,7.37688412,1.72990392,0,0.006757248386061096
8.72246020e+06,2.59998236,-1.68700469e-12,4.04942898,2.61411019e-01,-1.84525331,7.15525603e-01,6.63034906e-05,7.37689105,1.72975637,0,0.007224157600251415
8.96923318e+06,2.59998194,-1.68590107e-12,4.04941586,2.61407492e-01,-1.84525723,7.15529249e-01,6.63029357e-05,7.37689798,1.72960882,0,0.007691074061142918
9.24008641e+06,2.59998148,-1.68508528e-12,4.04939504,2.61432630e-01,-1.84526130,7.15533050e-01,6.63023680e-05,7.37689207,1.72944085,0,0.008203552500122065
9.51093963e+06,2.59998103,-1.68426948e-12,4.04937423,2.61457769e-01,-1.84526538,7.15536852e-01,6.63018002e-05,7.37688615,1.72927289,0,0.00871603092018032
9.78179285e+06,2.59998057,-1.68345369e-12,4.04935341,2.61482907e-01,-1.84526945,7.15540653e-01,6.63012325e-05,7.37688024,1.72910492,0,0.009228509340238573
1.00705479e+07,2.59998009,-1.68277579e-12,4.04932638,2.61527703e-01,-1.84527364,7.15544576e-01,6.63006569e-05,7.37686730,1.72892418,0,0.00977485961736595
1.03702979e+07,2.59997958,-1.68218260e-12,4.04929552,2.61584573e-01,-1.84527790,7.15548574e-01,6.63000765e-05,7.37685004,1.72873559,0,0.010342013319332138
1.06700480e+07,2.59997908,-1.68158940e-12,4.04926466,2.61641442e-01,-1.84528216,7.15552571e-01,6.62994961e-05,7.37683279,1.72854700,0,0.01090916721050723
1.09697980e+07,2.59997858,-1.68099620e-12,4.04923381,2.61698312e-01,-1.84528643,7.15556569e-01,6.62989157e-05,7.37681553,1.72835841,0,0.011476320912473416
1.13026181e+07,2.59997802,-1.68061496e-12,4.04919091,2.61788712e-01,-1.84529090,7.15560785e-01,6.62983285e-05,7.37678581,1.72814169,0,0.012106046189550168
1.16370397e+07,2.59997745,-1.68024398e-12,4.04914742,2.61880736e-01,-1.84529539,7.15565011e-01,6.62977409e-05,7.37675549,1.72792362,0,0.012738801647289801
1.19714612e+07,2.59997689,-1.67987300e-12,4.04910393,2.61972761e-01,-1.84529987,7.15569237e-01,6.62971533e-05,7.37672516,1.72770554,0,0.013371556915820527
1.23063416e+07,2.59997633,-1.67950444e-12,4.04906035,2.62065127e-01,-1.84530436,7.15573467e-01,6.62965657e-05,7.37669474,1.72748725,0,0.014005180464030426
1.26823651e+07,2.59997570,-1.67935252e-12,4.04900774,2.62188188e-01,-1.84530912,7.15577966e-01,6.62959811e-05,7.37665548,1.72724941,0,0.014716650422500092
1.30583886e+07,2.59997507,-1.67920059e-12,4.04895514,2.62311249e-01,-1.84531388,7.15582465e-01,6.62953964e-05,7.37661621,1.72701158,0,0.015428120380969758
1.34344121e+07,2.59997444,-1.67904867e-12,4.04890254,2.62434311e-01,-1.84531864,7.15586964e-01,6.62948118e-05,7.37657695,1.72677374,0,0.016139590339439423
1.38104356e+07,2.59997381,-1.67889674e-12,4.04884994,2.62557372e-01,-1.84532340,7.15591463e-01,6.62942272e-05,7.37653768,1.72653591,0,0.016851060297909087
1.42265499e+07,2.59997311,-1.67892648e-12,4.04878784,2.62708514e-01,-1.84532842,7.15596227e-01,6.62936600e-05,7.37649070,1.72627550,0,0.017638385621298807
1.46524902e+07,2.59997239,-1.67900074e-12,4.04872341,2.62866538e-01,-1.84533351,7.15601056e-01,6.62930971e-05,7.37644182,1.72600956,0,0.01844430261199635
1.50784305e+07,2.59997168,-1.67907499e-12,4.04865898,2.63024563e-01,-1.84533860,7.15605885e-01,6.62925342e-05,7.37639294,1.72574363,0,0.01925021960269389
1.55043709e+07,2.59997096,-1.67914925e-12,4.04859455,2.63182588e-01,-1.84534368,7.15610713e-01,6.62919712e-05,7.37634407,1.72547769,0,0.02005613678260034
1.59510026e+07,2.59997021,-1.67930296e-12,4.04852722,2.63351481e-01,-1.84534889,7.15615669e-01,6.62914292e-05,7.37629332,1.72520520,0,0.020901203745304096
1.64368393e+07,2.59996939,-1.67960721e-12,4.04845437,2.63540969e-01,-1.84535433,7.15620867e-01,6.62909267e-05,7.37623903,1.72492029,0,0.021820450060420146
1.69226761e+07,2.59996858,-1.67991147e-12,4.04838152,2.63730457e-01,-1.84535977,7.15626064e-01,6.62904243e-05,7.37618474,1.72463538,0,0.0227396965647451
1.74085128e+07,2.59996776,-1.68021572e-12,4.04830867,2.63919944e-01,-1.84536521,7.15631261e-01,6.62899218e-05,7.37613044,1.72435047,0,0.023658942879861148
1.78943496e+07,2.59996694,-1.68051997e-12,4.04823582,2.64109432e-01,-1.84537066,7.15636459e-01,6.62894193e-05,7.37607615,1.72406556,0,0.024578189384186107
1.84273077e+07,2.59996605,-1.68098540e-12,4.04815063,2.64329593e-01,-1.84537638,7.15641940e-01,6.62889981e-05,7.37601570,1.72375753,0,0.025586593585713593
1.89850091e+07,2.59996511,-1.68153547e-12,4.04805896,2.64565861e-01,-1.84538226,7.15647571e-01,6.62886196e-05,7.37595202,1.72343736,0,0.026641814314993746
1.95427105e+07,2.59996417,-1.68208555e-12,4.04796730,2.64802130e-01,-1.84538813,7.15653202e-01,6.62882411e-05,7.37588833,1.72311720,0,0.027697035044273892
2.01004120e+07,2.59996323,-1.68263562e-12,4.04787563,2.65038398e-01,-1.84539401,7.15658833e-01,6.62878626e-05,7.37582465,1.72279703,0,0.02875225596276295
2.06581134e+07,2.59996229,-1.68318569e-12,4.04778397,2.65274666e-01,-1.84539988,7.15664464e-01,6.62874841e-05,7.37576097,1.72247686,0,0.029807476692043096
2.12807663e+07,2.59996124,-1.68393016e-12,4.04768641,2.65538314e-01,-1.84540613,7.15670468e-01,6.62872827e-05,7.37569596,1.72214417,0,0.03098559144525405
2.19247056e+07,2.59996016,-1.68473834e-12,4.04758693,2.65810936e-01,-1.84541249,7.15676594e-01,6.62871393e-05,7.37563051,1.72180738,0,0.03220398196347428
2.25686448e+07,2.59995907,-1.68554652e-12,4.04748744,2.66083557e-01,-1.84541885,7.15682721e-01,6.62869959e-05,7.37556507,1.72147058,0,0.03342237229248561
2.32125841e+07,2.59995798,-1.68635471e-12,4.04738796,2.66356178e-01,-1.84542522,7.15688847e-01,6.62868525e-05,7.37549963,1.72113378,0,0.034640762810705834
2.38565234e+07,2.59995690,-1.68716289e-12,4.04728847,2.66628799e-01,-1.84543158,7.15694973e-01,6.62867090e-05,7.37543418,1.72079699,0,0.035859153328926065
2.45685509e+07,2.59995569,-1.68818071e-12,4.04718267,2.66928935e-01,-1.84543698,7.15700540e-01,6.62869905e-05,7.37537037,1.72045430,0,0.0372063727868968
2.53159675e+07,2.59995443,-1.68930750e-12,4.04707359,2.67243370e-01,-1.84544187,7.15705815e-01,6.62874927e-05,7.37530740,1.72010854,0,0.038620551574556454
2.60633841e+07,2.59995316,-1.69043428e-12,4.04696451,2.67557806e-01,-1.84544676,7.15711091e-01,6.62879949e-05,7.37524443,1.71976279,0,0.04003473036221611
2.68108007e+07,2.59995189,-1.69156107e-12,4.04685542,2.67872241e-01,-1.84545166,7.15716366e-01,6.62884971e-05,7.37518146,1.71941704,0,0.04144890914987576
2.75582172e+07,2.59995063,-1.69268785e-12,4.04674634,2.68186677e-01,-1.84545655,7.15721641e-01,6.62889994e-05,7.37511850,1.71907128,0,0.0428630877483265
2.83540916e+07,2.59994928,-1.69395716e-12,4.04663122,2.68521871e-01,-1.84546325,7.15728251e-01,6.62896192e-05,7.37505560,1.71871716,0,0.044368953010245155
2.92256655e+07,2.59994780,-1.69544910e-12,4.04650667,2.68889494e-01,-1.84547278,7.15736946e-01,6.62904228e-05,7.37499283,1.71834996,0,0.04601804846953492
3.00972394e+07,2.59994631,-1.69694104e-12,4.04638211,2.69257116e-01,-1.84548231,7.15745640e-01,6.62912265e-05,7.37493006,1.71798276,0,0.04766714392882468
3.09688133e+07,2.59994483,-1.69843298e-12,4.04625755,2.69624738e-01,-1.84549183,7.15754334e-01,6.62920301e-05,7.37486729,1.71761556,0,0.049316239388114455
3.18403872e+07,2.59994335,-1.69992492e-12,4.04613300,2.69992361e-01,-1.84550136,7.15763028e-01,6.62928337e-05,7.37480451,1.71724837,0,0.05096533484740421
3.27119611e+07,2.59994186,-1.70141687e-12,4.04600844,2.70359983e-01,-1.84551089,7.15771723e-01,6.62936373e-05,7.37474174,1.71688117,0,0.05261443030669397
3.37236844e+07,2.59994013,-1.70341014e-12,4.04588753,2.70759871e-01,-1.84551921,7.15779793e-01,6.62957975e-05,7.37469361,1.71653169,0,0.05452870091540271
3.47398142e+07,2.59993839,-1.70541918e-12,4.04576674,2.71160773e-01,-1.84552749,7.15787844e-01,6.62980004e-05,7.37464593,1.71618276,0,0.056451309014645956
3.57559439e+07,2.59993665,-1.70742821e-12,4.04564595,2.71561675e-01,-1.84553577,7.15795894e-01,6.63002032e-05,7.37459825,1.71583384,0,0.05837391692468028
3.67720737e+07,2.59993491,-1.70943725e-12,4.04552516,2.71962577e-01,-1.84554405,7.15803945e-01,6.63024061e-05,7.37455058,1.71548492,0,0.060296525023923526
3.77882035e+07,2.59993317,-1.71144628e-12,4.04540436,2.72363480e-01,-1.84555233,7.15811996e-01,6.63046090e-05,7.37450290,1.71513599,0,0.06221913312316676
3.89180829e+07,2.59993123,-1.71389010e-12,4.04525669,2.72829405e-01,-1.84555967,7.15819541e-01,6.63082345e-05,7.37445102,1.71475183,0,0.06435696559851399
4.00943442e+07,2.59992920,-1.71651119e-12,4.04509806,2.73321843e-01,-1.84556662,7.15826880e-01,6.63124401e-05,7.37439742,1.71435330,0,0.06658255676039743
4.12706054e+07,2.59992717,-1.71913229e-12,4.04493944,2.73814281e-01,-1.84557357,7.15834219e-01,6.63166457e-05,7.37434382,1.71395477,0,0.06880814773307195
4.24468666e+07,2.59992514,-1.72175338e-12,4.04478081,2.74306719e-01,-1.84558053,7.15841558e-01,6.63208513e-05,7.37429022,1.71355624,0,0.07103373870574647
4.36231279e+07,2.59992311,-1.72437447e-12,4.04462218,2.74799157e-01,-1.84558748,7.15848897e-01,6.63250569e-05,7.37423662,1.71315771,0,0.0732593298676299
4.49319642e+07,2.59992084,-1.72749284e-12,4.04445142,2.75345320e-01,-1.84559650,7.15857848e-01,6.63310186e-05,7.37419057,1.71275701,0,0.0757357647393988
4.62791214e+07,2.59991850,-1.73075494e-12,4.04427716,2.75907013e-01,-1.84560613,7.15867264e-01,6.63374879e-05,7.37414669,1.71235570,0,0.07828470616762366
4.76262786e+07,2.59991615,-1.73401705e-12,4.04410289,2.76468705e-01,-1.84561576,7.15876680e-01,6.63439572e-05,7.37410282,1.71195438,0,0.08083364759584852
4.89734358e+07,2.59991381,-1.73727915e-12,4.04392863,2.77030397e-01,-1.84562538,7.15886096e-01,6.63504266e-05,7.37405894,1.71155307,0,0.08338258902407338
5.03662718e+07,2.59991138,-1.74074609e-12,4.04375063,2.77609310e-01,-1.84563522,7.15895718e-01,6.63577322e-05,7.37401842,1.71115240,0,0.08601795881100173
5.18897096e+07,2.59990870,-1.74479867e-12,4.04356195,2.78237459e-01,-1.84564565,7.15905925e-01,6.63674290e-05,7.37398748,1.71075357,0,0.08890043883764134
5.34131474e+07,2.59990603,-1.74885126e-12,4.04337328,2.78865607e-01,-1.84565609,7.15916133e-01,6.63771258e-05,7.37395653,1.71035475,0,0.09178291886428094
5.49365851e+07,2.59990335,-1.75290385e-12,4.04318460,2.79493756e-01,-1.84566652,7.15926340e-01,6.63868226e-05,7.37392559,1.70995592,0,0.09466539870171166
5.64968817e+07,2.59990061,-1.75709421e-12,4.04299272,2.80136289e-01,-1.84567711,7.15936691e-01,6.63973654e-05,7.37389767,1.70955814,0,0.09761761886136221
5.81992146e+07,2.59989759,-1.76181550e-12,4.04278844,2.80834252e-01,-1.84568830,7.15947596e-01,6.64111686e-05,7.37388139,1.70916441,0,0.10083858435331829
5.99015474e+07,2.59989457,-1.76653679e-12,4.04258417,2.81532214e-01,-1.84569948,7.15958500e-01,6.64249719e-05,7.37386511,1.70877069,0,0.10405954965606544
6.16038803e+07,2.59989155,-1.77125808e-12,4.04237990,2.82230177e-01,-1.84571066,7.15969405e-01,6.64387751e-05,7.37384882,1.70837696,0,0.10728051514802152
6.34010402e+07,2.59988834,-1.77634890e-12,4.04216765,2.82965588e-01,-1.84572210,7.15980585e-01,6.64552598e-05,7.37384111,1.70798935,0,0.11068090177124149
6.52851347e+07,2.59988497,-1.78177849e-12,4.04194809,2.83735329e-01,-1.84573376,7.15992018e-01,6.64742027e-05,7.37384126,1.70760734,0,0.1142457764018641
6.71692292e+07,2.59988159,-1.78720809e-12,4.04172853,2.84505071e-01,-1.84574542,7.16003450e-01,6.64931457e-05,7.37384141,1.70722534,0,0.11781065103248672
6.90784105e+07,2.59987816,-1.79274368e-12,4.04150671,2.85284920e-01,-1.84575718,7.16014972e-01,6.65129454e-05,7.37384393,1.70684476,0,0.12142299212346125
7.11470670e+07,2.59987442,-1.79895299e-12,4.04127058,2.86129021e-01,-1.84576953,7.16027057e-01,6.65381911e-05,7.37386146,1.70647325,0,0.12533707449901227
7.32157234e+07,2.59987067,-1.80516230e-12,4.04103444,2.86973121e-01,-1.84578188,7.16039142e-01,6.65634367e-05,7.37387899,1.70610175,0,0.1292511566853544
7.52857986e+07,2.59986692,-1.81137781e-12,4.04079817,2.87817819e-01,-1.84579423,7.16051231e-01,6.65887407e-05,7.37389667,1.70573035,0,0.13316792336768427
7.75413149e+07,2.59986279,-1.81840255e-12,4.04054424,2.88740634e-01,-1.84580705,7.16063796e-01,6.66216701e-05,7.37393279,1.70537270,0,0.13743556113045352
7.97968312e+07,2.59985866,-1.82542730e-12,4.04029032,2.89663448e-01,-1.84581986,7.16076361e-01,6.66545995e-05,7.37396890,1.70501505,0,0.14170319889322275
8.20723563e+07,2.59985448,-1.83254513e-12,4.04003453,2.90594591e-01,-1.84583273,7.16088977e-01,6.66885066e-05,7.37400711,1.70465922,0,0.14600869508799164
8.45164918e+07,2.59984996,-1.84044731e-12,4.03976307,2.91595915e-01,-1.84584605,7.16102024e-01,6.67306525e-05,7.37406298,1.70431870,0,0.1506332171795078
8.69606273e+07,2.59984543,-1.84834949e-12,4.03949161,2.92597239e-01,-1.84585937,7.16115072e-01,6.67727985e-05,7.37411885,1.70397819,0,0.155257739271024
8.94818989e+07,2.59984073,-1.85661248e-12,4.03921106,2.93634332e-01,-1.84587286,7.16128298e-01,6.68193916e-05,7.37418305,1.70364607,0,0.16002820973508475
9.21159195e+07,2.59983579,-1.86540286e-12,4.03891725,2.94723711e-01,-1.84588659,7.16141785e-01,6.68724852e-05,7.37425943,1.70332621,0,0.16501201135091526
9.47499401e+07,2.59983085,-1.87419325e-12,4.03862344,2.95813089e-01,-1.84590032,7.16155272e-01,6.69255788e-05,7.37433581,1.70300636,0,0.16999581296674576
9.75528122e+07,2.59982554,-1.88383112e-12,4.03831180,2.96978725e-01,-1.84591439,7.16169067e-01,6.69900689e-05,7.37443205,1.70271054,0,0.17529909666200094
1.00377653e+08,2.59982018,-1.89357925e-12,4.03799785,2.98154282e-01,-1.84592850,7.16182902e-01,6.70560417e-05,7.37453088,1.70241784,0,0.1806439470946452
1.03302588e+08,2.59981459,-1.90386355e-12,4.03767271,2.99377024e-01,-1.84594287,7.16196985e-01,6.71298339e-05,7.37464068,1.70213402,0,0.1861781846701597
1.06318533e+08,2.59980879,-1.91463535e-12,4.03733742,3.00642668e-01,-1.84595749,7.16211293e-01,6.72107356e-05,7.37476045,1.70185827,0,0.1918846212729167
1.09394055e+08,2.59980285,-1.92574324e-12,4.03699493,3.01936503e-01,-1.84597216,7.16225665e-01,6.72970037e-05,7.37488752,1.70159030,0,0.1977037828668398
1.12600729e+08,2.59979661,-1.93759096e-12,4.03663660,3.03292396e-01,-1.84598695,7.16240180e-01,6.73950849e-05,7.37503063,1.70133947,0,0.2037710957278864
1.15852645e+08,2.59979026,-1.94968290e-12,4.03627284,3.04670662e-01,-1.84600185,7.16254793e-01,6.74978075e-05,7.37517936,1.70109465,0,0.209924010483126
1.19249395e+08,2.59978356,-1.96255666e-12,4.03589169,3.06120550e-01,-1.84601713,7.16269718e-01,6.76153887e-05,7.37534607,1.70086909,0,0.21635096406829246
1.22700104e+08,2.59977673,-1.97575098e-12,4.03550449,3.07596123e-01,-1.84603243,7.16284679e-01,6.77392471e-05,7.37551964,1.70065094,0,0.22288001288816914
1.26286313e+08,2.59976957,-1.98975030e-12,4.03510214,3.09136195e-01,-1.84604776,7.16299733e-01,6.78788687e-05,7.37571043,1.70045137,0,0.2296654397784926
1.29955587e+08,2.59976220,-2.00424031e-12,4.03469017,3.10716502e-01,-1.84606327,7.16314915e-01,6.80293289e-05,7.37591197,1.70026024,0,0.23660803304831168
1.33730596e+08,2.59975456,-2.01935493e-12,4.03426594,3.12348025e-01,-1.84607898,7.16330259e-01,6.81935858e-05,7.37612721,1.70007986,0,0.2437506863570879
1.37635679e+08,2.59974658,-2.03526881e-12,4.03382346,3.14050746e-01,-1.84609477,7.16345691e-01,6.83767832e-05,7.37635965,1.69991883,0,0.25113945126095855
1.41604584e+08,2.59973843,-2.05157999e-12,4.03337200,3.15788497e-01,-1.84611060,7.16361171e-01,6.85693637e-05,7.37660065,1.69976796,0,0.2586489730741432
1.45754637e+08,2.59972981,-2.06916304e-12,4.03289422,3.17628398e-01,-1.84612680,7.16376945e-01,6.87910886e-05,7.37686931,1.69966443,0,0.26650124304013445
1.49989111e+08,2.59972095,-2.08733869e-12,4.03240280,3.19515968e-01,-1.84614298,7.16392713e-01,6.90277655e-05,7.37714935,1.69957020,0,0.2745132450584149
1.54325032e+08,2.59971181,-2.10622648e-12,4.03189498,3.21460822e-01,-1.84615912,7.16408475e-01,6.92824098e-05,7.37744308,1.69948717,0,0.2827171938376741
1.58836786e+08,2.59970218,-2.12635418e-12,4.03136008,3.23505654e-01,-1.84617560,7.16424479e-01,6.95709899e-05,7.37776539,1.69945297,0,0.2912538343162754
1.63452577e+08,2.59969225,-2.14725725e-12,4.03080833,3.25611723e-01,-1.84619205,7.16440459e-01,6.98812300e-05,7.37810194,1.69943693,0,0.29998732206657464
1.68184195e+08,2.59968198,-2.16903800e-12,4.03023844,3.27784903e-01,-1.84620851,7.16456438e-01,7.02161908e-05,7.37845444,1.69944034,0,0.30893996481883435
1.73069625e+08,2.59967125,-2.19202657e-12,4.02964731,3.30041818e-01,-1.84622524,7.16472594e-01,7.05858340e-05,7.37882987,1.69947097,0,0.3181836335767882
1.78107629e+08,2.59966006,-2.21615680e-12,4.02902871,3.32394706e-01,-1.84624180,7.16488644e-01,7.09924548e-05,7.37922992,1.69953451,0,0.3277159859341542
1.83279475e+08,2.59964845,-2.24138429e-12,4.02838336,3.34836693e-01,-1.84625851,7.16504775e-01,7.14332131e-05,7.37965497,1.69964744,0,0.33750157927827096
1.88593153e+08,2.59963639,-2.26785778e-12,4.02770944,3.37374590e-01,-1.84627522,7.16520903e-01,7.19117245e-05,7.38010380,1.69980159,0,0.3475555314008941
1.94056307e+08,2.59962384,-2.29572630e-12,4.02700603,3.40012727e-01,-1.84629178,7.16536912e-01,7.24318709e-05,7.38057542,1.69998413,0,0.35789230543095707
1.99675811e+08,2.59961078,-2.32508366e-12,4.02627142,3.42754777e-01,-1.84630840,7.16552901e-01,7.29976113e-05,7.38107477,1.70020411,0,0.36852490758880124
2.05457063e+08,2.59959716,-2.35587995e-12,4.02550154,3.45613053e-01,-1.84632507,7.16568958e-01,7.36127726e-05,7.38160154,1.70046403,0,0.37946355137128474
2.11405355e+08,2.59958295,-2.38841256e-12,4.02469929,3.48586617e-01,-1.84634156,7.16584785e-01,7.42812916e-05,7.38215796,1.70076575,0,0.390718249713823
2.17524885e+08,2.59956812,-2.42273863e-12,4.02385975,3.51684419e-01,-1.84635801,7.16600588e-01,7.50068634e-05,7.38274465,1.70111125,0,0.40229694560637724
2.23818821e+08,2.59955265,-2.45888041e-12,4.02297792,3.54918325e-01,-1.84637438,7.16616311e-01,7.57929911e-05,7.38336437,1.70150378,0,0.4142056331871554
2.30290133e+08,2.59953650,-2.49715760e-12,4.02204989,3.58297381e-01,-1.84639046,7.16631759e-01,7.66430613e-05,7.38402188,1.70196637,0,0.4264499319607274
2.36940088e+08,2.59951963,-2.53764838e-12,4.02106035,3.61850550e-01,-1.84640634,7.16647047e-01,7.75600004e-05,7.38472070,1.70251395,0,0.43903223920395856
2.43771098e+08,2.59950203,-2.58062389e-12,4.02001822,3.65562183e-01,-1.84642184,7.16662016e-01,7.85466839e-05,7.38545739,1.70311868,0,0.4519571186357118
2.50784702e+08,2.59948366,-2.62602260e-12,4.01892850,3.69431262e-01,-1.84643712,7.16676809e-01,7.96056119e-05,7.38623002,1.70377705,0,0.4652274821810825
2.57999477e+08,2.59946440,-2.67430525e-12,4.01776319,3.73514136e-01,-1.84645202,7.16691265e-01,8.07469609e-05,7.38705569,1.70455311,0,0.47887847917892434
2.65413041e+08,2.59944424,-2.72587633e-12,4.01651968,3.77814666e-01,-1.84646632,7.16705293e-01,8.19719352e-05,7.38793076,1.70542971,0,0.4929056026730469
2.73009440e+08,2.59942321,-2.78054254e-12,4.01520579,3.82315064e-01,-1.84648008,7.16718923e-01,8.32754824e-05,7.38884967,1.70637186,0,0.5072786662742553
2.80831714e+08,2.59940105,-2.83916194e-12,4.01380126,3.87071713e-01,-1.84649324,7.16732095e-01,8.46781394e-05,7.38982539,1.70740363,0,0.5220791054965868
2.88842463e+08,2.59937792,-2.90124464e-12,4.01231520,3.92053716e-01,-1.84650574,7.16744783e-01,8.61651256e-05,7.39085173,1.70852479,0,0.5372361562084197
2.97065960e+08,2.59935362,-2.96777270e-12,4.01070198,3.97357775e-01,-1.84651725,7.16756789e-01,8.77499800e-05,7.39195540,1.70983727,0,0.5527957450880121
3.05499562e+08,2.59932811,-3.03952779e-12,4.00899630,4.02935376e-01,-1.84652781,7.16768135e-01,8.94315687e-05,7.39310776,1.71124205,0,0.5687528713439235
3.14135775e+08,2.59930136,-3.11607518e-12,4.00714994,4.08848024e-01,-1.84653728,7.16778747e-01,9.12091043e-05,7.39434272,1.71280767,0,0.5850933556605824
3.22978394e+08,2.59927326,-3.19853981e-12,4.00516844,4.15113688e-01,-1.84654557,7.16788545e-01,9.30850081e-05,7.39564729,1.71452380,0,0.6018243785160504
3.32025695e+08,2.59924373,-3.28747250e-12,4.00303995,4.21758582e-01,-1.84655247,7.16797411e-01,9.50595697e-05,7.39702902,1.71643427,0,0.6189426779487522
3.41264684e+08,2.59921272,-3.38322019e-12,4.00070923,4.28826078e-01,-1.84655778,7.16805228e-01,9.71294052e-05,7.39851952,1.71851833,0,0.6364236681531722
3.50698252e+08,2.59918013,-3.48542926e-12,3.99822723,4.36294377e-01,-1.84656143,7.16811959e-01,9.92932691e-05,7.40010051,1.72109176,0,0.6542728191588427
3.60330731e+08,2.59914580,-3.59557861e-12,3.99554890,4.44151679e-01,-1.84656318,7.16817452e-01,1.01553117e-04,7.40177479,1.72361077,0,0.6724983274956619
3.70136702e+08,2.59910978,-3.71207045e-12,3.99269582,4.52464317e-01,-1.84656311,7.16821775e-01,1.03896216e-04,7.40355417,1.72678205,0,0.6910520981512851
3.73326035e+08,2.59909779,-3.75250373e-12,3.99172562,4.55241390e-01,-1.84656265,7.16822875e-01,1.04667857e-04,7.40415249,1.72781791,0,0.6970866002955818
3.76529788e+08,2.59908562,-3.79333077e-12,3.99072525,4.58060676e-01,-1.84656195,7.16823835e-01,1.05446878e-04,7.40476435,1.72879107,0,0.7031483863644234
3.79748052e+08,2.59907327,-3.83454668e-12,3.98970719,4.60948634e-01,-1.84656106,7.16824658e-01,1.06233119e-04,7.40538972,1.72997486,0,0.7092376285379164
3.82980926e+08,2.59906073,-3.87725059e-12,3.98866506,4.63889222e-01,-1.84655992,7.16825336e-01,1.07026598e-04,7.40602763,1.73119664,0,0.7153545141328795
3.86225955e+08,2.59904800,-3.92119769e-12,3.98758655,4.66869782e-01,-1.84655857,7.16825866e-01,1.07826630e-04,7.40668076,1.73227701,0,0.7214943980706198
3.89484046e+08,2.59903508,-3.96541547e-12,3.98648110,4.69903495e-01,-1.84655700,7.16826248e-01,1.08633174e-04,7.40734786,1.73338547,0,0.7276589964759332
3.92755913e+08,2.59902195,-4.01043793e-12,3.98535821,4.73005072e-01,-1.84655517,7.16826466e-01,1.09446220e-04,7.40802741,1.73469370,0,0.7338496603004236
3.96036865e+08,2.59900864,-4.05727416e-12,3.98420363,4.76170502e-01,-1.84655311,7.16826517e-01,1.10264573e-04,7.40872449,1.73606717,0,0.740057513754213
3.99327350e+08,2.59899513,-4.10532930e-12,3.98301999,4.79397596e-01,-1.84655081,7.16826432e-01,1.11088165e-04,7.40943752,1.73750365,0,0.7462834044932095
4.02626550e+08,2.59898143,-4.15459188e-12,3.98180552,4.82681645e-01,-1.84654825,7.16826166e-01,1.11916649e-04,7.41016549,1.73894522,0,0.7525257847885451
4.05930829e+08,2.59896754,-4.20477574e-12,3.98055549,4.86028915e-01,-1.84654544,7.16825744e-01,1.12748901e-04,7.41091086,1.74041736,0,0.7587777750043221
4.09238568e+08,2.59895346,-4.25602994e-12,3.97926832,4.89436153e-01,-1.84654247,7.16825210e-01,1.13584293e-04,7.41167365,1.74187370,0,0.7650363118483184
4.12550594e+08,2.59893920,-4.30813575e-12,3.97794826,4.92903327e-01,-1.84653923,7.16824500e-01,1.14422803e-04,7.41245555,1.74336349,0,0.7713029600782043
4.15869081e+08,2.59892474,-4.36159928e-12,3.97660727,4.96446304e-01,-1.84653572,7.16823603e-01,1.15264801e-04,7.41325222,1.74508379,0,0.777581833095641
4.19186877e+08,2.59891010,-4.41700022e-12,3.97524028,5.00085830e-01,-1.84653194,7.16822504e-01,1.16108437e-04,7.41406468,1.74715583,0,0.7838593986795229
4.22500955e+08,2.59889528,-4.47535406e-12,3.97382856,5.03776816e-01,-1.84652795,7.16821285e-01,1.16952942e-04,7.41490146,1.74909886,0,0.7901299294762024
4.25811407e+08,2.59888029,-4.53366799e-12,3.97237626,5.07522836e-01,-1.84652373,7.16819887e-01,1.17798037e-04,7.41575923,1.75099020,0,0.796393599557875
4.29112141e+08,2.59886514,-4.59279957e-12,3.97087957,5.11348488e-01,-1.84651924,7.16818309e-01,1.18641960e-04,7.41664210,1.75297997,0,0.8026388823178606
4.32409272e+08,2.59884981,-4.65337341e-12,3.96935146,5.15235113e-01,-1.84651452,7.16816570e-01,1.19485934e-04,7.41754247,1.75502346,0,0.808877347880888
4.35687483e+08,2.59883437,-4.71503977e-12,3.96776504,5.19148279e-01,-1.84650956,7.16814659e-01,1.20325894e-04,7.41847289,1.75667000,0,0.8150800151185069
4.38963145e+08,2.59881876,-4.77496768e-12,3.96616123,5.23153797e-01,-1.84650441,7.16812617e-01,1.21165392e-04,7.41941572,1.75876707,0,0.8212778594210589
4.42225439e+08,2.59880299,-4.83984839e-12,3.96452691,5.27265398e-01,-1.84649904,7.16810414e-01,1.22001937e-04,7.42038368,1.76128655,0,0.827450410276779
4.45467465e+08,2.59878710,-4.90676004e-12,3.96284787,5.31445075e-01,-1.84649345,7.16808046e-01,1.22833770e-04,7.42138060,1.76387162,0,0.8335846122710096
4.48690355e+08,2.59877110,-4.97534787e-12,3.96113217,5.35694097e-01,-1.84648765,7.16805529e-01,1.23660990e-04,7.42240097,1.76658088,0,0.8396826072485902
4.51888248e+08,2.59875500,-5.04449737e-12,3.95936823,5.39992159e-01,-1.84648167,7.16802869e-01,1.24481956e-04,7.42340025,1.76909125,0,0.8457333056754185
4.55062472e+08,2.59873878,-5.11448640e-12,3.95756509,5.44356958e-01,-1.84647548,7.16800053e-01,1.25296685e-04,7.42447941,1.77181349,0,0.8517392202457935
4.58214233e+08,2.59872248,-5.18562878e-12,3.95572769,5.48777418e-01,-1.84646912,7.16797100e-01,1.26105367e-04,7.42558733,1.77464845,0,0.8577026328191468
4.61340543e+08,2.59870607,-5.25827784e-12,3.95385372,5.53255957e-01,-1.84646257,7.16794003e-01,1.26906922e-04,7.42672789,1.77760063,0,0.8636178898333049
4.64450798e+08,2.59868952,-5.33209393e-12,3.95195220,5.57778644e-01,-1.84645588,7.16790797e-01,1.27703466e-04,7.42789922,1.78066198,0,0.869502769357271
4.67535553e+08,2.59867288,-5.40673048e-12,3.95001874,5.62349836e-01,-1.84644908,7.16787493e-01,1.28492581e-04,7.42910606,1.78386018,0,0.8753394006096771
4.70592352e+08,2.59865615,-5.48276429e-12,3.94805158,5.66973446e-01,-1.84644208,7.16784032e-01,1.29273292e-04,7.43035585,1.78722311,0,0.8811231366197405
4.73624203e+08,2.59863935,-5.55985159e-12,3.94605661,5.71639231e-01,-1.84643496,7.16780484e-01,1.30046379e-04,7.43164133,1.79072091,0,0.8868596687914165
4.76628420e+08,2.59862244,-5.63822428e-12,3.94403126,5.76348722e-01,-1.84642771,7.16776821e-01,1.30810612e-04,7.43298257,1.79441360,0,0.8925439149734341
4.79613575e+08,2.59860542,-5.71773265e-12,3.94198484,5.81092412e-01,-1.84642033,7.16773052e-01,1.31568344e-04,7.43436895,1.79826462,0,0.8981920941533936
4.82569122e+08,2.59858831,-5.79827463e-12,3.93991018,5.85877092e-01,-1.84641286,7.16769200e-01,1.32316300e-04,7.43581596,1.80233249,0,0.9037842523598492
4.85503179e+08,2.59857111,-5.88015855e-12,3.93781532,5.90694571e-01,-1.84640526,7.16765253e-01,1.33056672e-04,7.43732059,1.80660238,0,0.9093357495719586
4.88412605e+08,2.59855380,-5.96340660e-12,3.93569908,5.95545381e-01,-1.84639758,7.16761224e-01,1.33788261e-04,7.43890609,1.81114882,0,0.9148406427379192
4.91298910e+08,2.59853639,-6.04795857e-12,3.93356432,6.00425015e-01,-1.84638981,7.16757121e-01,1.34511388e-04,7.44058074,1.81599357,0,0.9203017889122428
4.94171385e+08,2.59851883,-6.13397321e-12,3.93141769,6.05330285e-01,-1.84638194,7.16752935e-01,1.35228260e-04,7.44234850,1.82114089,0,0.9257367674945791
4.97033859e+08,2.59850106,-6.22192517e-12,3.92926284,6.10261463e-01,-1.84637394,7.16748656e-01,1.35939535e-04,7.44423635,1.82667599,0,0.9311528232940186
4.99889352e+08,2.59848309,-6.31160886e-12,3.92710369,6.15212723e-01,-1.84636583,7.16744291e-01,1.36646313e-04,7.44625647,1.83263957,0,0.936555670419585
5.02746044e+08,2.59846485,-6.40343072e-12,3.92494856,6.20181108e-01,-1.84635758,7.16739824e-01,1.37350593e-04,7.44846826,1.83920601,0,0.9419607861599593
5.05624534e+08,2.59844620,-6.49821246e-12,3.92281245,6.25160390e-01,-1.84634912,7.16735219e-01,1.38057448e-04,7.45091017,1.84648017,0,0.9474071456581166
5.08539483e+08,2.59842703,-6.59653120e-12,3.92071084,6.30142875e-01,-1.84634041,7.16730450e-01,1.38770676e-04,7.45363895,1.85463149,0,0.9529224888320703
5.11518770e+08,2.59840715,-6.69968787e-12,3.91867461,6.35107225e-01,-1.84633138,7.16725490e-01,1.39496799e-04,7.45677595,1.86401048,0,0.9585595652333038
5.14611845e+08,2.59838616,-6.80948318e-12,3.91676905,6.40007038e-01,-1.84632187,7.16720242e-01,1.40247565e-04,7.46051283,1.87518934,0,0.9644119386668619
5.17882607e+08,2.59836358,-6.92895954e-12,3.91515923,6.44676711e-01,-1.84631164,7.16714586e-01,1.41038498e-04,7.46527306,1.88939468,0,0.9706005117329181
5.21305683e+08,2.59833951,-7.05997506e-12,3.91427502,6.48519040e-01,-1.84630073,7.16708543e-01,1.41864284e-04,7.47155095,1.90805634,0,0.9770772764552254
5.24305166e+08,2.59831803,-7.19593058e-12,3.91473458,6.50271072e-01,-1.84629104,7.16703177e-01,1.42588528e-04,7.47885160,1.92967917,0,0.9827525654875344
5.26356792e+08,2.59830309,-7.30390242e-12,3.91631216,6.49815761e-01,-1.84628425,7.16699424e-01,1.43086422e-04,7.48558352,1.94956581,0,0.9866344246399951
5.27668009e+08,2.59829343,-7.38219220e-12,3.91839020,6.48134924e-01,-1.84627988,7.16697014e-01,1.43407022e-04,7.49129834,1.96648495,0,0.9891153640082385
5.28583483e+08,2.59828661,-7.44448056e-12,3.92066369,6.45902478e-01,-1.84627678,7.16695311e-01,1.43632773e-04,7.49634977,1.98152180,0,0.9908475223673838
5.29264399e+08,2.59828151,-7.49677446e-12,3.92302974,6.43391273e-01,-1.84627443,7.16694027e-01,1.43802061e-04,7.50097118,1.99536816,0,0.9921358760959176
5.29792435e+08,2.59827753,-7.54351123e-12,3.92544849,6.40712303e-01,-1.84627260,7.16693036e-01,1.43934461e-04,7.50529732,2.00842766,0,0.9931349672457805
5.30211264e+08,2.59827435,-7.58646387e-12,3.92789301,6.37952271e-01,-1.84627113,7.16692240e-01,1.44040439e-04,7.50941778,2.02110322,0,0.9939274290233979
5.30539094e+08,2.59827185,-7.62717869e-12,3.93035407,6.35155930e-01,-1.84626996,7.16691618e-01,1.44124242e-04,7.51335854,2.03339590,0,0.9945477125867526
5.30812006e+08,2.59826975,-7.66839485e-12,3.93282263,6.32343999e-01,-1.84626899,7.16691097e-01,1.44194639e-04,7.51718731,2.04551650,0,0.9950640864019686
5.31041228e+08,2.59826798,-7.70999849e-12,3.93528980,6.29551682e-01,-1.84626816,7.16690656e-01,1.44254320e-04,7.52093268,2.05763226,0,0.9954977948452449
5.31234662e+08,2.59826648,-7.75265105e-12,3.93775027,6.26802111e-01,-1.84626745,7.16690277e-01,1.44305181e-04,7.52461085,2.06982123,0,0.9958637892044981
5.31398347e+08,2.59826521,-7.79735434e-12,3.94020096,6.24110107e-01,-1.84626683,7.16689949e-01,1.44348675e-04,7.52823093,2.08210951,0,0.9961734958056869
5.31535917e+08,2.59826413,-7.84502493e-12,3.94263890,6.21490813e-01,-1.84626630,7.16689672e-01,1.44385649e-04,7.53179642,2.09451516,0,0.9964337905005309
5.31652474e+08,2.59826321,-7.89803892e-12,3.94505248,6.18960913e-01,-1.84626583,7.16689431e-01,1.44417392e-04,7.53533595,2.10750668,0,0.9966543267275203
5.31753315e+08,2.59826240,-7.95420734e-12,3.94743965,6.16547010e-01,-1.84626541,7.16689207e-01,1.44445175e-04,7.53885082,2.12091269,0,0.996845126882516
5.31840990e+08,2.59826170,-8.01581310e-12,3.94979787,6.14248027e-01,-1.84626501,7.16688992e-01,1.44469645e-04,7.54233985,2.13483619,0,0.9970110157926741
5.31917302e+08,2.59826108,-8.08320957e-12,3.95211992,6.12074570e-01,-1.84626465,7.16688798e-01,1.44491226e-04,7.54580482,2.14949449,0,0.9971554048946072
5.31983535e+08,2.59826054,-8.15589258e-12,3.95439774,6.10047572e-01,-1.84626435,7.16688633e-01,1.44510203e-04,7.54924051,2.16502924,0,0.997280723630695
5.32041543e+08,2.59826007,-8.23567381e-12,3.95662172,6.08169341e-01,-1.84626403,7.16688458e-01,1.44527119e-04,7.55263660,2.18174363,0,0.9973904799340934
5.32092566e+08,2.59825964,-8.32182251e-12,3.95877974,6.06452275e-01,-1.84626375,7.16688299e-01,1.44542221e-04,7.55597686,2.19991221,0,0.9974870199952625
5.32137959e+08,2.59825926,-8.41531747e-12,3.96085573,6.04892544e-01,-1.84626351,7.16688165e-01,1.44555841e-04,7.55921188,2.21995627,0,0.9975729075949066
5.32178034e+08,2.59825892,-8.51280785e-12,3.96281013,6.03501004e-01,-1.84626327,7.16688034e-01,1.44568102e-04,7.56222272,2.24275477,0,0.9976487330648192
5.32214305e+08,2.59825861,-8.61079016e-12,3.96462777,6.02257205e-01,-1.84626304,7.16687900e-01,1.44579403e-04,7.56488438,2.26836061,0,0.9977173610278685
5.32247140e+08,2.59825832,-8.70337204e-12,3.96621085,6.01154389e-01,-1.84626281,7.16687762e-01,1.44589866e-04,7.56673982,2.29820487,0,0.9977794877728361
5.32277070e+08,2.59825806,-8.77401832e-12,3.96742709,6.00154453e-01,-1.84626257,7.16687622e-01,1.44599614e-04,7.56702977,2.33288943,0,0.9978361179990242
5.32303803e+08,2.59825783,-8.80097676e-12,3.96811874,5.99236313e-01,-1.84626234,7.16687477e-01,1.44608534e-04,7.56468617,2.37143075,0,0.9978866992164208
5.32326430e+08,2.59825763,-8.77102605e-12,3.96816417,5.98408868e-01,-1.84626213,7.16687349e-01,1.44616189e-04,7.55876523,2.41059071,0,0.9979295115160518
5.32345241e+08,2.59825746,-8.69147661e-12,3.96772204,5.97667239e-01,-1.84626194,7.16687228e-01,1.44622688e-04,7.54931069,2.44725726,0,0.9979651036037505
5.32363088e+08,2.59825731,-8.58377476e-12,3.96680466,5.96966308e-01,-1.84626178,7.16687133e-01,1.44628602e-04,7.54032737,2.47938704,0,0.9979988717175753
5.32380521e+08,2.59825716,-8.45019825e-12,3.96550444,5.96395817e-01,-1.84626174,7.16687124e-01,1.44633752e-04,7.53328716,2.50614843,0,0.9980318565065207
5.32397308e+08,2.59825702,-8.31514428e-12,3.96393556,5.96116679e-01,-1.84626172,7.16687119e-01,1.44638626e-04,7.52777917,2.52856451,0,0.9980636190059199
5.32413821e+08,2.59825689,-8.17719430e-12,3.96218189,5.96234656e-01,-1.84626167,7.16687100e-01,1.44643502e-04,7.52351255,2.54862150,0,0.998094863072911
5.32430709e+08,2.59825675,-8.05027665e-12,3.96025238,5.96929941e-01,-1.84626162,7.16687083e-01,1.44648415e-04,7.52008102,2.56742811,0,0.9981268166733073
5.32448589e+08,2.59825661,-7.95032039e-12,3.95816000,5.98363830e-01,-1.84626159,7.16687073e-01,1.44653498e-04,7.51721701,2.58605270,0,0.9981606472260718
5.32468386e+08,2.59825645,-7.88580919e-12,3.95589062,6.00841104e-01,-1.84626157,7.16687081e-01,1.44658953e-04,7.51463067,2.60500123,0,0.9981981049136042
5.32490674e+08,2.59825627,-7.87606472e-12,3.95348797,6.04581423e-01,-1.84626152,7.16687058e-01,1.44665201e-04,7.51223047,2.62467212,0,0.9982402757950367
5.32515553e+08,2.59825608,-7.92689013e-12,3.95104808,6.09750561e-01,-1.84626146,7.16687038e-01,1.44671921e-04,7.51002127,2.64470106,0,0.9982873490792776
5.32542921e+08,2.59825586,-8.04259588e-12,3.94872017,6.15927502e-01,-1.84626139,7.16687007e-01,1.44679361e-04,7.50794788,2.66473207,0,0.9983391317732406
5.32572461e+08,2.59825562,-8.21945542e-12,3.94652957,6.22577152e-01,-1.84626127,7.16686942e-01,1.44687591e-04,7.50597012,2.68444142,0,0.9983950240846872
5.32604383e+08,2.59825535,-8.42963001e-12,3.94440337,6.29382400e-01,-1.84626112,7.16686851e-01,1.44696607e-04,7.50405154,2.70386684,0,0.9984554233523241
5.32639374e+08,2.59825505,-8.65262426e-12,3.94227737,6.36188259e-01,-1.84626095,7.16686755e-01,1.44706495e-04,7.50216584,2.72329261,0,0.9985216294413499
5.32678089e+08,2.59825471,-8.87578070e-12,3.94010337,6.42897239e-01,-1.84626075,7.16686636e-01,1.44717546e-04,7.50029281,2.74286858,0,0.9985948816701126
5.32720983e+08,2.59825432,-9.08977645e-12,3.93785253,6.49422688e-01,-1.84626049,7.16686469e-01,1.44730014e-04,7.49844258,2.76258714,0,0.998676040939144
5.32768433e+08,2.59825388,-9.28954497e-12,3.93554368,6.55753352e-01,-1.84626018,7.16686268e-01,1.44743936e-04,7.49669232,2.78245396,0,0.9987658205660274
5.32820528e+08,2.59825339,-9.47848311e-12,3.93319028,6.61909876e-01,-1.84625982,7.16686037e-01,1.44759317e-04,7.49503613,2.80233077,0,0.9988643889466909
5.32877491e+08,2.59825284,-9.65683942e-12,3.93080160,6.67899129e-01,-1.84625943,7.16685777e-01,1.44776205e-04,7.49349516,2.82217424,0,0.9989721680169998
5.32939545e+08,2.59825224,-9.82625299e-12,3.92838653,6.73741578e-01,-1.84625897,7.16685473e-01,1.44794705e-04,7.49209241,2.84194644,0,0.9990895797128191
5.33006842e+08,2.59825157,-9.98719703e-12,3.92595111,6.79451647e-01,-1.84625849,7.16685155e-01,1.44814732e-04,7.49085557,2.86163721,0,0.9992169116316889
5.33079339e+08,2.59825083,-1.01408354e-11,3.92350211,6.85037318e-01,-1.84625800,7.16684828e-01,1.44836245e-04,7.48983063,2.88129671,0,0.9993540824137788
5.33157117e+08,2.59825004,-1.02886124e-11,3.92104022,6.90519740e-01,-1.84625617,7.16683506e-01,1.44859362e-04,7.48897212,2.90084338,0,0.9995012453183043
5.33240118e+08,2.59824917,-1.04296292e-11,3.91856442,6.95909356e-01,-1.84625423,7.16682097e-01,1.44884299e-04,7.48830832,2.92020175,0,0.9996582906040988
5.33328246e+08,2.59824824,-1.05663380e-11,3.91608233,7.01223362e-01,-1.84625254,7.16680860e-01,1.44910695e-04,7.48786258,2.93949257,0,0.9998250366306105
5.33420717e+08,2.59824726,-1.06980260e-11,3.91359505,7.06443711e-01,-1.84625097,7.16679702e-01,1.44938302e-04,7.48764368,2.95873200,2,2.0
5.33531181e+08,2.59824606,-1.08414046e-11,3.91073623,7.12305382e-01,-1.84624927,7.16678436e-01,1.44971172e-04,7.48758611,2.98009259,2,2.0107141447292167
5.33646348e+08,2.59824480,-1.09798870e-11,3.90786664,7.18112369e-01,-1.84624761,7.16677203e-01,1.45005348e-04,7.48782814,3.00117542,2,2.0218844437047174
5.33765026e+08,2.59824349,-1.11137817e-11,3.90498312,7.23867924e-01,-1.84624599,7.16675999e-01,1.45040487e-04,7.48834850,3.02187830,2,2.033395282241924
5.33886662e+08,2.59824213,-1.12467960e-11,3.90208922,7.29574255e-01,-1.84624441,7.16674819e-01,1.45076450e-04,7.48910745,3.04226783,2,2.045193023662504
5.34009354e+08,2.59824073,-1.13729599e-11,3.89918122,7.35214999e-01,-1.84624286,7.16673672e-01,1.45112681e-04,7.49011320,3.06221526,2,2.057093188830496
5.34132839e+08,2.59823932,-1.14971065e-11,3.89626173,7.40829028e-01,-1.84624136,7.16672553e-01,1.45149109e-04,7.49134278,3.08178608,2,2.069070268801232
5.34256296e+08,2.59823789,-1.16189401e-11,3.89333085,7.46407754e-01,-1.84623989,7.16671465e-01,1.45185501e-04,7.49277426,3.10096081,2,2.081044632990786
5.34378780e+08,2.59823645,-1.17374190e-11,3.89038840,7.51947641e-01,-1.84623847,7.16670410e-01,1.45221578e-04,7.49439470,3.11971192,2,2.092924623784288
5.34499889e+08,2.59823502,-1.18538710e-11,3.88743543,7.57460215e-01,-1.84623710,7.16669390e-01,1.45257223e-04,7.49619006,3.13806452,2,2.1046712503233476
5.34618984e+08,2.59823360,-1.19677222e-11,3.88447241,7.62942084e-01,-1.84623577,7.16668406e-01,1.45292242e-04,7.49814647,3.15601476,2,2.1162225346017194
5.34735492e+08,2.59823219,-1.20787572e-11,3.88149943,7.68385924e-01,-1.84623449,7.16667459e-01,1.45326462e-04,7.50023475,3.17354116,2,2.1275229000973703
5.34849842e+08,2.59823080,-1.21891004e-11,3.87851767,7.73822076e-01,-1.84623325,7.16666545e-01,1.45360004e-04,7.50244339,3.19071219,2,2.1386139564576863
5.34960494e+08,2.59822945,-1.22936653e-11,3.87552479,7.79193176e-01,-1.84623207,7.16665673e-01,1.45392410e-04,7.50472894,3.20733624,2,2.1493463357176923
5.35067910e+08,2.59822812,-1.23945101e-11,3.87252146,7.84548436e-01,-1.84623094,7.16664838e-01,1.45423805e-04,7.50708543,3.22349818,2,2.1597648482668808
5.35172366e+08,2.59822682,-1.24886385e-11,3.86950975,7.89898844e-01,-1.84622985,7.16664036e-01,1.45454269e-04,7.50952393,3.23928967,2,2.169896263948325
5.35273749e+08,2.59822554,-1.25669319e-11,3.86649106,7.95220791e-01,-1.84622881,7.16663268e-01,1.45483764e-04,7.51202222,3.25470879,2,2.1797296226451146
5.35372255e+08,2.59822430,-1.26307162e-11,3.86346561,8.00528815e-01,-1.84622781,7.16662530e-01,1.45512344e-04,7.51457509,3.26978683,2,2.1892839348255193
5.35467585e+08,2.59822309,-1.27052739e-11,3.86043459,8.05787820e-01,-1.84622685,7.16661824e-01,1.45539921e-04,7.51715444,3.28447497,2,2.1985301998262092
5.35559536e+08,2.59822192,-1.27817249e-11,3.85739667,8.11011020e-01,-1.84622594,7.16661150e-01,1.45566431e-04,7.51974318,3.29873508,2,2.20744872823362
5.35648292e+08,2.59822078,-1.28597586e-11,3.85435307,8.16203185e-01,-1.84622506,7.16660507e-01,1.45591928e-04,7.52235084,3.31261665,2,2.2160573666098
5.35734270e+08,2.59821967,-1.29373321e-11,3.85130382,8.21389410e-01,-1.84622423,7.16659890e-01,1.45616531e-04,7.52498654,3.32618716,2,2.224396560695915
5.35817668e+08,2.59821858,-1.30144756e-11,3.84824996,8.26567632e-01,-1.84622342,7.16659297e-01,1.45640298e-04,7.52765140,3.33948369,2,2.2324855149446043
5.35898127e+08,2.59821753,-1.30897409e-11,3.84519330,8.31693135e-01,-1.84622265,7.16658731e-01,1.45663131e-04,7.53032453,3.35243675,2,2.2402894091614356
5.35975897e+08,2.59821651,-1.31613773e-11,3.84213263,8.36796183e-01,-1.84622192,7.16658189e-01,1.45685099e-04,7.53300146,3.36507878,2,2.247832491392671
5.36051191e+08,2.59821551,-1.32312595e-11,3.83906855,8.41877751e-01,-1.84622121,7.16657670e-01,1.45706267e-04,7.53568489,3.37743661,2,2.2551354209737258
5.36123920e+08,2.59821455,-1.32980893e-11,3.83600171,8.46925323e-01,-1.84622053,7.16657173e-01,1.45726610e-04,7.53835912,3.38948596,2,2.262189565600131
5.36194186e+08,2.59821361,-1.33618744e-11,3.83293247,8.51935079e-01,-1.84621989,7.16656697e-01,1.45746160e-04,7.54101115,3.40121875,2,2.269004818474761
5.36262057e+08,2.59821270,-1.34220490e-11,3.82986128,8.56909693e-01,-1.84621927,7.16656242e-01,1.45764941e-04,7.54364886,3.41265943,2,2.2755877750661995
5.36327695e+08,2.59821182,-1.34797648e-11,3.82678760,8.61861998e-01,-1.84621867,7.16655806e-01,1.45783003e-04,7.54627057,3.42382657,2,2.2819541481084245
5.36391295e+08,2.59821096,-1.35355582e-11,3.82371188,8.66792820e-01,-1.84621810,7.16655388e-01,1.45800402e-04,7.54887766,3.43474512,2,2.28812285107752
5.36452899e+08,2.59821012,-1.35886380e-11,3.82063500,8.71693930e-01,-1.84621756,7.16654986e-01,1.45817156e-04,7.55146879,3.44541753,2,2.2940979576452585
5.36512640e+08,2.59820931,-1.36387964e-11,3.81755696,8.76568602e-01,-1.84621703,7.16654600e-01,1.45833304e-04,7.55404186,3.45585571,2,2.2998923677722516
5.36570586e+08,2.59820851,-1.36865328e-11,3.81447855,8.81411570e-01,-1.84621652,7.16654229e-01,1.45848871e-04,7.55659889,3.46607261,2,2.3055126769270817
5.36626831e+08,2.59820774,-1.37308980e-11,3.81140035,8.86219753e-01,-1.84621604,7.16653872e-01,1.45863884e-04,7.55914036,3.47608074,2,2.3109680023751444
5.36681485e+08,2.59820699,-1.37721569e-11,3.80832164,8.91002189e-01,-1.84621557,7.16653529e-01,1.45878377e-04,7.56165947,3.48587956,2,2.316269013256795
5.36734871e+08,2.59820625,-1.38116912e-11,3.80524180,8.95771969e-01,-1.84621512,7.16653196e-01,1.45892442e-04,7.56415303,3.49550761,2,2.321447038047803
5.36787088e+08,2.59820553,-1.38482448e-11,3.80216471,9.00495266e-01,-1.84621468,7.16652874e-01,1.45906106e-04,7.56664766,3.50500953,2,2.32651167897449
5.36838288e+08,2.59820482,-1.38791189e-11,3.79909230,9.05158266e-01,-1.84621425,7.16652561e-01,1.45919411e-04,7.56915521,3.51442158,2,2.331477678848982
5.36888928e+08,2.59820412,-1.39030003e-11,3.79602645,9.09754931e-01,-1.84621383,7.16652254e-01,1.45932476e-04,7.57169454,3.52382604,2,2.336389363099847
5.36939462e+08,2.59820341,-1.39179472e-11,3.79296995,9.14270670e-01,-1.84621342,7.16651951e-01,1.45945418e-04,7.57428668,3.53330633,2,2.3412907661790965
5.36989972e+08,2.59820271,-1.39212491e-11,3.78992801,9.18661312e-01,-1.84621301,7.16651651e-01,1.45958250e-04,7.57693647,3.54287243,2,2.3461898414459053
5.37040088e+08,2.59820201,-1.39099927e-11,3.78690040,9.22926515e-01,-1.84621261,7.16651356e-01,1.45970881e-04,7.57962203,3.55245659,2,2.3510507017918045
5.37089845e+08,2.59820132,-1.38862518e-11,3.78388679,9.27074245e-01,-1.84621221,7.16651066e-01,1.45983314e-04,7.58234273,3.56205840,2,2.3558767419432716
5.37139431e+08,2.59820063,-1.38495043e-11,3.78088884,9.31100197e-01,-1.84621182,7.16650781e-01,1.45995592e-04,7.58511041,3.57171858,2,2.360686196431095
5.37189109e+08,2.59819995,-1.37979706e-11,3.77791179,9.34972323e-01,-1.84621144,7.16650498e-01,1.46007782e-04,7.58793432,3.58148018,2,2.365504574199943
5.37239615e+08,2.59819925,-1.37268846e-11,3.77496730,9.38628729e-01,-1.84621105,7.16650214e-01,1.46020056e-04,7.59087063,3.59150946,2,2.3704032614980113
5.37291426e+08,2.59819855,-1.36301317e-11,3.77206666,9.42014032e-01,-1.84621065,7.16649926e-01,1.46032526e-04,7.59395005,3.60191136,2,2.3754285235975683
5.37345575e+08,2.59819781,-1.34979846e-11,3.76923986,9.44979255e-01,-1.84621025,7.16649629e-01,1.46045402e-04,7.59725194,3.61292285,2,2.3806805534257687
5.37402801e+08,2.59819705,-1.33157523e-11,3.76652085,9.47377478e-01,-1.84620982,7.16649318e-01,1.46058889e-04,7.60082237,3.62469407,2,2.3862310282073644
5.37461138e+08,2.59819628,-1.30956089e-11,3.76389982,9.49281987e-01,-1.84620939,7.16649003e-01,1.46072583e-04,7.60453849,3.63682697,2,2.3918892613065488
5.37519325e+08,2.59819553,-1.28476260e-11,3.76135315,9.50821492e-01,-1.84620897,7.16648690e-01,1.46086261e-04,7.60832227,3.64905528,2,2.397532945577976
5.37576830e+08,2.59819480,-1.25848959e-11,3.75888851,9.51974297e-01,-1.84620854,7.16648378e-01,1.46099858e-04,7.61214449,3.66127705,2,2.4031104811792
5.37632646e+08,2.59819410,-1.23009874e-11,3.75650974,9.52727447e-01,-1.84620812,7.16648073e-01,1.46113215e-04,7.61594148,3.67328505,2,2.4085241969798767
5.37687554e+08,2.59819344,-1.20027481e-11,3.75421473,9.53118096e-01,-1.84620771,7.16647773e-01,1.46126401e-04,7.61975606,3.68523092,2,2.4138498438765295
5.37741270e+08,2.59819281,-1.16965123e-11,3.75199628,9.53187481e-01,-1.84620728,7.16647455e-01,1.46140349e-04,7.62356446,3.69704965,2,2.4190598760886037
5.37793814e+08,2.59819220,-1.13833994e-11,3.74985430,9.52945494e-01,-1.84620682,7.16647120e-01,1.46155076e-04,7.62735298,3.70872120,2,2.4241562334598017
5.37845016e+08,2.59819163,-1.10669558e-11,3.74779088,9.52392686e-01,-1.84620631,7.16646749e-01,1.46171461e-04,7.63110696,3.72020278,2,2.4291224273186636
5.37894801e+08,2.59819109,-1.07474265e-11,3.74580501,9.51542462e-01,-1.84620572,7.16646312e-01,1.46190770e-04,7.63482344,3.73148188,2,2.433951183251312
5.37943226e+08,2.59819058,-1.04280751e-11,3.74388533,9.50443547e-01,-1.84620497,7.16645770e-01,1.46214772e-04,7.63849806,3.74255652,2,2.438648029812294
5.37990278e+08,2.59819010,-1.01115456e-11,3.74202244,9.49134715e-01,-1.84620404,7.16645087e-01,1.46245106e-04,7.64212321,3.75341509,2,2.443211706103204
5.38036042e+08,2.59818965,-9.79972546e-12,3.74020028,9.47675761e-01,-1.84620288,7.16644236e-01,1.46282982e-04,7.64570175,3.76407188,2,2.4476504564597716
5.38080980e+08,2.59818921,-9.49256144e-12,3.73843451,9.46020417e-01,-1.84620133,7.16643107e-01,1.46333506e-04,7.64925793,3.77461221,2,2.452009091271489
5.38124766e+08,2.59818881,-9.19183734e-12,3.73669904,9.44254939e-01,-1.84619929,7.16641615e-01,1.46400575e-04,7.65276302,3.78495550,2,2.45625599108603
5.38167963e+08,2.59818842,-8.89761833e-12,3.73499215,9.42391855e-01,-1.84619662,7.16639669e-01,1.46488566e-04,7.65625685,3.79522629,2,2.4604457625035776
5.38210481e+08,2.59818805,-8.61341003e-12,3.73328490,9.40526328e-01,-1.84619272,7.16636822e-01,1.46618378e-04,7.65973397,3.80540622,2,2.464569676227477
5.38253185e+08,2.59818769,-8.33701897e-12,3.73159638,9.38604107e-01,-1.84618832,7.16633610e-01,1.46766295e-04,7.66326126,3.81569676,2,2.468711630497796
5.38295954e+08,2.59818734,-8.07048975e-12,3.72989750,9.36719487e-01,-1.84618188,7.16628918e-01,1.46984864e-04,7.66682604,3.82606620,2,2.4728598892601426
5.38339498e+08,2.59818700,-7.81518983e-12,3.72817556,9.34921854e-01,-1.84617296,7.16622429e-01,1.47291821e-04,7.67048079,3.83667674,2,2.477083316965902
5.38384047e+08,2.59818666,-7.57132014e-12,3.72641441,9.33269101e-01,-1.84615938,7.16612570e-01,1.47767559e-04,7.67424760,3.84758499,2,2.4814042218176353
5.38430462e+08,2.59818631,-7.34263414e-12,3.72458190,9.31884256e-01,-1.84614213,7.16600076e-01,1.48385181e-04,7.67819026,3.85899332,2,2.48590611408667
5.38479234e+08,2.59818596,-7.13241781e-12,3.72264031,9.30919300e-01,-1.84611665,7.16581687e-01,1.49320378e-04,7.68236480,3.87104596,2,2.4906366169358636
5.38532387e+08,2.59818559,-6.94385888e-12,3.72056005,9.30538148e-01,-1.84607687,7.16553120e-01,1.50820233e-04,7.68692519,3.88421646,2,2.4957920425477558
5.38591187e+08,2.59818518,-6.78724725e-12,3.71827206,9.31105350e-01,-1.84601751,7.16510801e-01,1.53123609e-04,7.69197676,3.89881809,2,2.501495183028618
5.38657736e+08,2.59818474,-6.68483218e-12,3.71569699,9.33251402e-01,-1.84592199,7.16443437e-01,1.56925750e-04,7.69767888,3.91534820,2,2.5079499159514222
5.38732431e+08,2.59818424,-6.66733474e-12,3.71286160,9.37664635e-01,-1.84576934,7.16337617e-01,1.63085386e-04,7.70404208,3.93387617,2,2.515194747213633
5.38808902e+08,2.59818373,-6.76197855e-12,3.71002856,9.44442242e-01,-1.84555671,7.16193343e-01,1.71553509e-04,7.71049052,3.95277286,2,2.52261183659649
5.38879631e+08,2.59818324,-6.95151203e-12,3.70751125,9.52556187e-01,-1.84532424,7.16038872e-01,1.80403738e-04,7.71636784,3.97014131,2,2.5294719968527977
5.38943034e+08,2.59818279,-7.20054496e-12,3.70534475,9.61087771e-01,-1.84506289,7.15867921e-01,1.89666341e-04,7.72154598,3.98558848,2,2.535621592361439
5.39001065e+08,2.59818236,-7.48716566e-12,3.70346761,9.69672898e-01,-1.84480571,7.15701260e-01,1.98005118e-04,7.72620515,3.99961477,2,2.5412501458519983
5.39055837e+08,2.59818194,-7.80261536e-12,3.70178788,9.78202331e-01,-1.84456776,7.15547606e-01,2.04997674e-04,7.73052707,4.01274358,2,2.546562601811484
5.39108710e+08,2.59818152,-8.14081526e-12,3.70028171,9.86625582e-01,-1.84431584,7.15384830e-01,2.11643903e-04,7.73462502,4.02530692,2,2.551690869611563
5.39160904e+08,2.59818108,-8.49987130e-12,3.69886402,9.94979097e-01,-1.84406618,7.15222816e-01,2.17495658e-04,7.73860768,4.03761322,2,2.5567532797179933
5.39213306e+08,2.59818062,-8.87979123e-12,3.69754055,1.00324060,-1.84381845,7.15060975e-01,2.22616460e-04,7.74254405,4.04987246,2,2.5618358641989136
5.39266456e+08,2.59818014,-9.27814513e-12,3.69627924,1.01142948,-1.84356558,7.14894196e-01,2.27125837e-04,7.74646964,4.06220145,2,2.566990998834251
5.39320871e+08,2.59817962,-9.69636773e-12,3.69508761,1.01953294,-1.84330411,7.14719798e-01,2.31073198e-04,7.75042557,4.07472129,2,2.572268828583675
5.39376903e+08,2.59817906,-1.01344430e-11,3.69392351,1.02759147,-1.84309286,7.14577226e-01,2.33731542e-04,7.75443418,4.08750558,2,2.5777034946963218
5.39434487e+08,2.59817846,-1.05925247e-11,3.69282022,1.03556578,-1.84283484,7.14400955e-01,2.36360718e-04,7.75848079,4.10052103,2,2.583288692680165
5.39493848e+08,2.59817781,-1.10715851e-11,3.69171924,1.04352437,-1.84260426,7.14241177e-01,2.38079686e-04,7.76257293,4.11380179,2,2.589046245776839
5.39554575e+08,2.59817712,-1.15712814e-11,3.69066055,1.05142113,-1.84237163,7.14077613e-01,2.39147711e-04,7.76669205,4.12726650,2,2.59493629019829
5.39616537e+08,2.59817638,-1.20932701e-11,3.68962117,1.05928563,-1.84215693,7.13924521e-01,2.39509901e-04,7.77082925,4.14088197,2,2.6009461199682757
5.39679587e+08,2.59817559,-1.26403045e-11,3.68860618,1.06711346,-1.84195181,7.13776267e-01,2.39235974e-04,7.77497350,4.15460974,2,2.607061477235595
5.39743527e+08,2.59817476,-1.32105750e-11,3.68760875,1.07491457,-1.84173738,7.13619223e-01,2.38267861e-04,7.77912283,4.16841862,2,2.613263157547607
5.39808315e+08,2.59817388,-1.38071287e-11,3.68663254,1.08268437,-1.84156233,7.13489346e-01,2.36904803e-04,7.78327078,4.18229269,2,2.61954708723254
5.39873865e+08,2.59817295,-1.44306006e-11,3.68565874,1.09045964,-1.84136853,7.13343736e-01,2.34763416e-04,7.78729119,4.19600675,2,2.625904924962481
5.39940111e+08,2.59817196,-1.50851381e-11,3.68469317,1.09822649,-1.84121417,7.13226202e-01,2.32526698e-04,7.79125910,4.20967143,2,2.6323302692532153
5.40006661e+08,2.59817093,-1.57679415e-11,3.68376227,1.10593743,-1.84104413,7.13095264e-01,2.29605728e-04,7.79537366,4.22351380,2,2.6387850991682047
5.40073829e+08,2.59816984,-1.64807256e-11,3.68282952,1.11364635,-1.84089922,7.12982619e-01,2.26828568e-04,7.79953017,4.23742943,2,2.645299870253554
5.40141424e+08,2.59816869,-1.72275467e-11,3.68191349,1.12133278,-1.84076133,7.12874375e-01,2.23947283e-04,7.80368299,4.25134590,2,2.651856057001919
5.40209329e+08,2.59816749,-1.80081955e-11,3.68099910,1.12901879,-1.84064806,7.12784770e-01,2.21462969e-04,7.80780977,4.26522114,2,2.6584423113276494
5.40277626e+08,2.59816622,-1.88251792e-11,3.68009304,1.13669679,-1.84051736,7.12680623e-01,2.18507708e-04,7.81190005,4.27904590,2,2.665066586589919
5.40346116e+08,2.59816489,-1.96792811e-11,3.67917272,1.14439769,-1.84040847,7.12593275e-01,2.16008326e-04,7.81596115,4.29279585,2,2.6717095813439022
5.40414691e+08,2.59816350,-2.05741061e-11,3.67827934,1.15206350,-1.84032632,7.12526851e-01,2.14113446e-04,7.82002431,4.30651239,2,2.6783608204336153
5.40483650e+08,2.59816204,-2.15094171e-11,3.67737588,1.15974275,-1.84023637,7.12453428e-01,2.12038351e-04,7.82409777,4.32023624,2,2.6850493045223867
5.40552392e+08,2.59816051,-2.24872425e-11,3.67648178,1.16741597,-1.84015495,7.12383249e-01,2.10171122e-04,7.82813096,4.33381555,2,2.691716741307003
5.40620958e+08,2.59815892,-2.35085415e-11,3.67559646,1.17508323,-1.84009879,7.12322173e-01,2.08907229e-04,7.83213737,4.34727509,2,2.69836710746705
5.40689670e+08,2.59815726,-2.45814326e-11,3.67468059,1.18279240,-1.84003363,7.12227679e-01,2.07465647e-04,7.83615862,4.36072304,2,2.7050316344861143
5.40758167e+08,2.59815552,-2.57062666e-11,3.67378908,1.19047588,-1.83996094,7.12075445e-01,2.05913027e-04,7.84013156,4.37402409,2,2.7116753081853937
5.40826006e+08,2.59815372,-2.68781254e-11,3.67287953,1.19818864,-1.83989802,7.11909562e-01,2.04628928e-04,7.84411219,4.38722832,2,2.7182551610269106
5.40893314e+08,2.59815186,-2.81186180e-11,3.67196070,1.20592683,-1.83984243,7.11642543e-01,2.03440484e-04,7.84797217,4.40014563,2,2.724783511018167
5.40959568e+08,2.59814994,-2.94020990e-11,3.67108990,1.21361114,-1.83981820,7.11302930e-01,2.02518630e-04,7.85176961,4.41281906,2,2.7312096312463816
5.41026849e+08,2.59814790,-3.07631896e-11,3.67018802,1.22133640,-1.83982078,7.10814269e-01,2.01476063e-04,7.85556221,4.42555412,2,2.7377353624486416
5.41094739e+08,2.59814574,-3.21772306e-11,3.66931585,1.22901852,-1.83984842,7.10168509e-01,2.00351528e-04,7.85935181,4.43832111,2,2.7443201618915958
5.41162664e+08,2.59814349,-3.36559729e-11,3.66845206,1.23670432,-1.83988792,7.09474119e-01,1.99307727e-04,7.86296209,4.45077407,2,2.7509083560610272
5.41230221e+08,2.59814115,-3.51986646e-11,3.66756301,1.24442252,-1.83993126,7.08770967e-01,1.98410854e-04,7.86666693,4.46327635,2,2.75746085710636
5.41299334e+08,2.59813864,-3.68529595e-11,3.66669517,1.25210261,-1.83998607,7.07859059e-01,1.97494670e-04,7.87041522,4.47594712,2,2.7641642779916293
5.41368491e+08,2.59813601,-3.85248078e-11,3.66581807,1.25979974,-1.84004523,7.06843870e-01,1.96552891e-04,7.87413269,4.48854391,2,2.770871966533041
5.41436085e+08,2.59813333,-4.02959411e-11,3.66495290,1.26749237,-1.84009022,7.06053798e-01,1.95845392e-04,7.87779077,4.50086945,2,2.777428056289221
5.41505677e+08,2.59813044,-4.21902479e-11,3.66408390,1.27517625,-1.84014321,7.05087237e-01,1.95026112e-04,7.88152804,4.51349711,2,2.784177936431128
5.41573456e+08,2.59812749,-4.40942407e-11,3.66319041,1.28291557,-1.84018333,7.04305273e-01,1.94428419e-04,7.88510629,4.52565946,2,2.790751969741542
5.41643669e+08,2.59812430,-4.61785622e-11,3.66232621,1.29059376,-1.84022679,7.03390732e-01,1.93813731e-04,7.88884447,4.53826459,2,2.797562082030365
5.41714952e+08,2.59812091,-4.82587228e-11,3.66144450,1.29829060,-1.84027764,7.02300023e-01,1.93098655e-04,7.89261486,4.55098770,2,2.8044759759571893
5.41785055e+08,2.59811742,-5.04971805e-11,3.66056959,1.30599435,-1.84031979,7.01376578e-01,1.92508318e-04,7.89627568,4.56337402,2,2.811275419105656
5.41853105e+08,2.59811388,-5.28144405e-11,3.65968672,1.31373008,-1.84035672,7.00552725e-01,1.91992463e-04,7.89979609,4.57529414,2,2.817875737298219
5.41920902e+08,2.59811019,-5.52658436e-11,3.65878452,1.32149741,-1.84038923,6.99810946e-01,1.91539149e-04,7.90329038,4.58710730,2,2.8244515164679638
5.41989135e+08,2.59810631,-5.78195420e-11,3.65787487,1.32927722,-1.84042011,6.99090827e-01,1.91108872e-04,7.90675686,4.59886938,2,2.8310695842303897
5.42058344e+08,2.59810218,-6.05178124e-11,3.65696985,1.33704563,-1.84044872,6.98408244e-01,1.90710398e-04,7.91026790,4.61074501,2,2.8377823163654234
5.42128144e+08,2.59809783,-6.33118907e-11,3.65606227,1.34481682,-1.84047444,6.97778013e-01,1.90351817e-04,7.91378899,4.62264459,2,2.844552370881821
5.42198093e+08,2.59809327,-6.62516835e-11,3.65513820,1.35260932,-1.84049894,6.97163594e-01,1.90010042e-04,7.91732543,4.63454678,2,2.8513368772337904
5.42266715e+08,2.59808859,-6.92982038e-11,3.65420021,1.36044713,-1.84051960,6.96616793e-01,1.89720790e-04,7.92059537,4.64585510,2,2.8579926749562006
5.42335434e+08,2.59808368,-7.25117041e-11,3.65328560,1.36824008,-1.84054249,6.96002639e-01,1.89400158e-04,7.92407800,4.65745551,2,2.8646578809205607
5.42401504e+08,2.59807874,-7.59014282e-11,3.65237027,1.37605617,-1.84056116,6.95495564e-01,1.89138456e-04,7.92741772,4.66852350,2,2.8710661545867264
5.42467496e+08,2.59807358,-7.94237630e-11,3.65142236,1.38391946,-1.84057880,6.95010681e-01,1.88891102e-04,7.93074116,4.67952601,2,2.8774668628624585
5.42532315e+08,2.59806828,-8.31350568e-11,3.65046668,1.39180392,-1.84059407,6.94586041e-01,1.88676741e-04,7.93398163,4.69026607,2,2.8837537993051283
5.42599735e+08,2.59806250,-8.70510065e-11,3.64949526,1.39969293,-1.84061112,6.94106820e-01,1.88437299e-04,7.93732993,4.70138184,2,2.89029301242111
5.42666847e+08,2.59805648,-9.10480726e-11,3.64856484,1.40753232,-1.84062371,6.93749163e-01,1.88260456e-04,7.94065086,4.71237781,2,2.896802351944097
5.42733799e+08,2.59805020,-9.53260996e-11,3.64761762,1.41539692,-1.84063748,6.93352817e-01,1.88066803e-04,7.94397839,4.72331610,2,2.9032961727174755
5.42800529e+08,2.59804365,-9.97678515e-11,3.64665759,1.42328075,-1.84065096,6.92961378e-01,1.87877218e-04,7.94732079,4.73419580,2,2.9097684612257737
5.42866223e+08,2.59803690,-1.04441361e-10,3.64567953,1.43119714,-1.84066046,6.92683318e-01,1.87743490e-04,7.95062182,4.74484291,2,2.9161402658303612
5.42931537e+08,2.59802988,-1.09297980e-10,3.64471425,1.43909974,-1.84067019,6.92396781e-01,1.87606480e-04,7.95395577,4.75540111,2,2.9224752134046303
5.42994710e+08,2.59802276,-1.14404015e-10,3.64374911,1.44701832,-1.84067991,6.92108584e-01,1.87469626e-04,7.95721413,4.76552767,2,2.9286025007107104
5.43058073e+08,2.59801529,-1.19804196e-10,3.64275926,1.45497193,-1.84068798,6.91867717e-01,1.87355920e-04,7.96053723,4.77557598,2,2.9347482165319496
5.43124366e+08,2.59800711,-1.25487568e-10,3.64176647,1.46291532,-1.84069736,6.91586205e-01,1.87223745e-04,7.96411194,4.78594318,2,2.941178119455381
5.43190868e+08,2.59799852,-1.31310121e-10,3.64079748,1.47082773,-1.84070401,6.91385569e-01,1.87129989e-04,7.96789829,4.79620810,2,2.9476282937454883
5.43254533e+08,2.59798991,-1.37421664e-10,3.63981087,1.47878333,-1.84070778,6.91271535e-01,1.87076920e-04,7.97183928,4.80583702,2,2.953803301206612
5.43318677e+08,2.59798083,-1.43941474e-10,3.63882645,1.48673652,-1.84071511,6.91048148e-01,1.86973519e-04,7.97631387,4.81521452,2,2.960024767924374
5.43382639e+08,2.59797136,-1.50719509e-10,3.63781737,1.49472506,-1.84072065,6.90878693e-01,1.86895392e-04,7.98171863,4.82397889,2,2.966228582064457
5.43446422e+08,2.59796146,-1.57829050e-10,3.63683760,1.50267466,-1.84072464,6.90756047e-01,1.86839067e-04,7.98838852,4.83184274,2,2.972415034603417
5.43511862e+08,2.59795083,-1.65317550e-10,3.63583142,1.51065546,-1.84072860,6.90633976e-01,1.86783195e-04,7.99590482,4.83906470,2,2.978762203193002
5.43576960e+08,2.59793975,-1.73150106e-10,3.63479461,1.51868239,-1.84073128,6.90551174e-01,1.86745385e-04,8.00448911,4.84459853,2,2.9850762004553006
5.43647685e+08,2.59792714,-1.81413113e-10,3.63379832,1.52658816,-1.84073385,6.90471832e-01,1.86709223e-04,8.01617392,4.84616697,2,2.9919359727428683
5.43730826e+08,2.59791165,-1.88990359e-10,3.63305080,1.53247437,-1.84073691,6.90376665e-01,1.86665983e-04,8.03555732,4.82749003,3,3.0
5.43766594e+08,2.59790489,-1.88647703e-10,3.63329482,1.53056775,-1.84073693,6.90376050e-01,1.86665704e-04,8.04453545,4.80129549,3,3.000227409720001
5.43789349e+08,2.59790065,-1.85558205e-10,3.63373844,1.52704961,-1.84073693,6.90376049e-01,1.86665703e-04,8.04876964,4.77884409,3,3.0003720839589465
5.43807665e+08,2.59789730,-1.81328513e-10,3.63425450,1.52296128,-1.84073693,6.90376049e-01,1.86665703e-04,8.05095809,4.75919927,3,3.000488535436008
5.43824265e+08,2.59789434,-1.76784750e-10,3.63480046,1.51859544,-1.84073693,6.90376049e-01,1.86665703e-04,8.05209291,4.74144800,3,3.000594076739743
5.43840371e+08,2.59789155,-1.72218746e-10,3.63536803,1.51405112,-1.84073693,6.90376049e-01,1.86665703e-04,8.05257421,4.72512778,3,3.000696477236006
5.43856652e+08,2.59788880,-1.67653662e-10,3.63595575,1.50937718,-1.84073693,6.90376049e-01,1.86665703e-04,8.05265794,4.70992861,3,3.000799990366495
5.43873681e+08,2.59788600,-1.63126817e-10,3.63657852,1.50457930,-1.84073693,6.90376049e-01,1.86665703e-04,8.05243649,4.69566411,3,3.000908259213562
5.43891764e+08,2.59788310,-1.58655785e-10,3.63722497,1.49968881,-1.84073693,6.90376049e-01,1.86665703e-04,8.05203271,4.68222983,3,3.001023229297625
5.43911502e+08,2.59788003,-1.54215811e-10,3.63786016,1.49476884,-1.84073693,6.90376049e-01,1.86665703e-04,8.05147640,4.66939965,3,3.0011487217225126
5.43933193e+08,2.59787675,-1.49880579e-10,3.63848318,1.48981888,-1.84073693,6.90376049e-01,1.86665703e-04,8.05080633,4.65722745,3,3.0012866311453634
5.43957281e+08,2.59787321,-1.45627438e-10,3.63908574,1.48485989,-1.84073693,6.90376049e-01,1.86665703e-04,8.05005751,4.64562941,3,3.001439780478157
5.43984055e+08,2.59786939,-1.41472325e-10,3.63978525,1.47974409,-1.84073693,6.90376049e-01,1.86665703e-04,8.04923913,4.63464701,3,3.001610007156845
5.44013433e+08,2.59786531,-1.37384193e-10,3.64044412,1.47463361,-1.84073693,6.90376049e-01,1.86665703e-04,8.04838729,4.62446412,3,3.001796789832817
5.44046255e+08,2.59786089,-1.33394258e-10,3.64107421,1.46952272,-1.84073693,6.90376049e-01,1.86665703e-04,8.04749402,4.61494234,3,3.0020054691503595
5.44081977e+08,2.59785622,-1.29486768e-10,3.64169780,1.46437707,-1.84073693,6.90376049e-01,1.86665703e-04,8.04659344,4.60635438,3,3.0022325864065063
5.44120504e+08,2.59785133,-1.25653539e-10,3.64237249,1.45912533,-1.84073693,6.90376049e-01,1.86665703e-04,8.04569644,4.59875766,3,3.0024775375998205
5.44161356e+08,2.59784630,-1.21903098e-10,3.64300325,1.45388971,-1.84073693,6.90376049e-01,1.86665703e-04,8.04482395,4.59226268,3,3.002737270933568
5.44205061e+08,2.59784108,-1.18258699e-10,3.64370601,1.44853650,-1.84073693,6.90376049e-01,1.86665703e-04,8.04395991,4.58674353,3,3.0030151433841556
5.44252016e+08,2.59783563,-1.14664688e-10,3.64437570,1.44319667,-1.84073693,6.90376049e-01,1.86665703e-04,8.04310370,4.58215838,3,3.0033136790418
5.44301794e+08,2.59783004,-1.11184322e-10,3.64503035,1.43785625,-1.84073693,6.90376049e-01,1.86665703e-04,8.04227913,4.57855896,3,3.0036301630789892
5.44354757e+08,2.59782427,-1.07810543e-10,3.64567953,1.43250831,-1.84073693,6.90376049e-01,1.86665703e-04,8.04150511,4.57591456,3,3.0039668970590943
5.44410928e+08,2.59781834,-1.04513898e-10,3.64634448,1.42712919,-1.84073693,6.90376049e-01,1.86665703e-04,8.04079729,4.57413963,3,3.0043240272140412
5.44471711e+08,2.59781211,-1.01296733e-10,3.64700389,1.42175310,-1.84073693,6.90376049e-01,1.86665703e-04,8.04016737,4.57315867,3,3.004710480049279
5.44537657e+08,2.59780556,-9.81968876e-11,3.64770448,1.41632327,-1.84073693,6.90376049e-01,1.86665703e-04,8.03965253,4.57291168,3,3.005129758773143
5.44610206e+08,2.59779858,-9.51763146e-11,3.64836156,1.41094659,-1.84073693,6.90376049e-01,1.86665703e-04,8.03929000,4.57329392,3,3.005591018775836
5.44690737e+08,2.59779107,-9.22266119e-11,3.64905516,1.40552804,-1.84073693,6.90376049e-01,1.86665703e-04,8.03913598,4.57412987,3,3.00610302761506
5.44896251e+08,2.59777284,-8.61528203e-11,3.65051879,1.39372781,-1.84073693,6.90376049e-01,1.86665703e-04,8.03975729,4.57599131,3,3.007409667102764
5.45124302e+08,2.59775391,-8.05513789e-11,3.65197081,1.38194656,-1.84073693,6.90376049e-01,1.86665703e-04,8.04140097,4.57414608,3,3.0088595948050636
5.45331994e+08,2.59773779,-7.53708115e-11,3.65342389,1.37020305,-1.84073693,6.90376049e-01,1.86665703e-04,8.04288540,4.56821586,3,3.0101800818204505
5.45514253e+08,2.59772455,-7.05357954e-11,3.65489497,1.35844516,-1.84073693,6.90376049e-01,1.86665703e-04,8.04378039,4.56120233,3,3.011338868114277
5.45679096e+08,2.59771336,-6.59681312e-11,3.65628904,1.34677594,-1.84073693,6.90376049e-01,1.86665703e-04,8.04427505,4.55480220,3,3.0123869250499196
5.45834100e+08,2.59770352,-6.16925943e-11,3.65770790,1.33506105,-1.84073693,6.90376049e-01,1.86665703e-04,8.04457871,4.54940197,3,3.013372426510414
5.45986166e+08,2.59769451,-5.76577888e-11,3.65913649,1.32332895,-1.84073693,6.90376049e-01,1.86665703e-04,8.04480628,4.54484680,3,3.0143392484317295
5.46140017e+08,2.59768598,-5.39049891e-11,3.66050342,1.31166837,-1.84073693,6.90376049e-01,1.86665703e-04,8.04502590,4.54092063,3,3.0153174192221512
5.46293041e+08,2.59767805,-5.03939935e-11,3.66192096,1.29993540,-1.84073693,6.90376049e-01,1.86665703e-04,8.04527873,4.53750866,3,3.0162903320211156
5.46446352e+08,2.59767063,-4.70951932e-11,3.66332844,1.28821358,-1.84073693,6.90376049e-01,1.86665703e-04,8.04558258,4.53434115,3,3.0172650695402115
5.46602709e+08,2.59766355,-4.40165768e-11,3.66471621,1.27652288,-1.84073693,6.90376049e-01,1.86665703e-04,8.04592181,4.53118930,3,3.0182591732527513
5.46763276e+08,2.59765676,-4.11421931e-11,3.66613892,1.26478487,-1.84073693,6.90376049e-01,1.86665703e-04,8.04625434,4.52797844,3,3.019280043765817
5.46925335e+08,2.59765036,-3.84600607e-11,3.66753903,1.25307674,-1.84073693,6.90376049e-01,1.86665703e-04,8.04657499,4.52482150,3,3.020310400280399
5.47091298e+08,2.59764423,-3.59317084e-11,3.66889106,1.24143082,-1.84073693,6.90376049e-01,1.86665703e-04,8.04688216,4.52169062,3,3.0213655780750885
5.47261001e+08,2.59763837,-3.35841032e-11,3.67033961,1.22965808,-1.84073693,6.90376049e-01,1.86665703e-04,8.04717201,4.51865182,3,3.022444534452668
5.47433962e+08,2.59763280,-3.13866250e-11,3.67165990,1.21805469,-1.84073693,6.90376049e-01,1.86665703e-04,8.04745870,4.51572131,3,3.023544204900583
5.47614499e+08,2.59762736,-2.93307638e-11,3.67304208,1.20636975,-1.84073693,6.90376049e-01,1.86665703e-04,8.04774690,4.51281684,3,3.024692042873624
5.47805031e+08,2.59762199,-2.74031475e-11,3.67442709,1.19467852,-1.84073693,6.90376049e-01,1.86665703e-04,8.04802916,4.50992419,3,3.025903428155752
5.48005815e+08,2.59761671,-2.56064189e-11,3.67574910,1.18307291,-1.84073693,6.90376049e-01,1.86665703e-04,8.04831506,4.50707629,3,3.0271799947298015
5.48219757e+08,2.59761144,-2.39236578e-11,3.67713216,1.17138571,-1.84073693,6.90376049e-01,1.86665703e-04,8.04860663,4.50422175,3,3.0285402186818358
5.48444778e+08,2.59760628,-2.23558656e-11,3.67849344,1.15972766,-1.84073693,6.90376049e-01,1.86665703e-04,8.04891312,4.50139595,3,3.0299708819172486
5.48688576e+08,2.59760104,-2.08867460e-11,3.67985814,1.14806559,-1.84073693,6.90376049e-01,1.86665703e-04,8.04922688,4.49850127,3,3.03152092762617
5.48954987e+08,2.59759570,-1.95142587e-11,3.68121791,1.13641238,-1.84073693,6.90376049e-01,1.86665703e-04,8.04954613,4.49554225,3,3.0332147447508366
5.49244202e+08,2.59759027,-1.82313365e-11,3.68266324,1.12465156,-1.84073693,6.90376049e-01,1.86665703e-04,8.04988044,4.49257330,3,3.035053547652032
5.49566275e+08,2.59758463,-1.70369291e-11,3.68402762,1.11299250,-1.84073693,6.90376049e-01,1.86665703e-04,8.05023472,4.48949908,3,3.0371012587555253
5.49924071e+08,2.59757878,-1.59164399e-11,3.68548318,1.10121470,-1.84073693,6.90376049e-01,1.86665703e-04,8.05062637,4.48625038,3,3.0393760934730754
5.50327856e+08,2.59757260,-1.48715411e-11,3.68698155,1.08938952,-1.84073693,6.90376049e-01,1.86665703e-04,8.05103610,4.48276796,3,3.0419433221073415
5.50806726e+08,2.59756576,-1.38932235e-11,3.68850222,1.07753506,-1.84073693,6.90376049e-01,1.86665703e-04,8.05147335,4.47906260,3,3.0449879344037147
5.51376036e+08,2.59755815,-1.29805219e-11,3.69009241,1.06560249,-1.84073693,6.90376049e-01,1.86665703e-04,8.05198628,4.47506297,3,3.04860755606815
5.52082730e+08,2.59754934,-1.21287433e-11,3.69177987,1.05356476,-1.84073693,6.90376049e-01,1.86665703e-04,8.05258081,4.47056514,3,3.053100652821284
5.53049366e+08,2.59753807,-1.13357421e-11,3.69367013,1.04133522,-1.84073693,6.90376049e-01,1.86665703e-04,8.05331066,4.46526892,3,3.0592464373801764
5.54687024e+08,2.59752023,-1.06075723e-11,3.69577334,1.02907289,-1.84073693,6.90376049e-01,1.86665703e-04,8.05436873,4.45755658,3,3.0696585193315493
5.59818132e+08,2.59746756,-1.01703009e-11,3.69771991,1.02117356,-1.84073693,6.90376049e-01,1.86665703e-04,8.05706098,4.44143481,3,3.10228164149585
5.67102901e+08,2.59739226,-1.04611570e-11,3.69766004,1.02543801,-1.84073693,6.90376049e-01,1.86665703e-04,8.06058875,4.42383394,3,3.148597546174861
5.74521719e+08,2.59731340,-1.07652914e-11,3.69769036,1.02946285,-1.84073693,6.90376049e-01,1.86665655e-04,8.06418462,4.40544577,3,3.195765722313175
5.82011401e+08,2.59723146,-1.10841012e-11,3.69771021,1.03368709,-1.84073686,6.90376052e-01,1.86629412e-04,8.06810293,4.38859306,3,3.243384445376062
5.89362780e+08,2.59714857,-1.14355997e-11,3.69766297,1.03824848,-1.84073670,6.90376060e-01,1.86543883e-04,8.07167440,4.36951984,3,3.290123850431086
5.96609836e+08,2.59706419,-1.18275908e-11,3.69754945,1.04314897,-1.84073654,6.90376067e-01,1.86458627e-04,8.07498972,4.35083043,3,3.3361999792554116
6.04217718e+08,2.59697261,-1.22095099e-11,3.69756572,1.04779133,-1.84073640,6.90376074e-01,1.86383802e-04,8.07973969,4.33570114,3,3.384570207264174
6.11572484e+08,2.59688095,-1.26441010e-11,3.69743151,1.05299720,-1.84073628,6.90376079e-01,1.86322714e-04,8.08379306,4.31867618,3,3.431331146559906
6.18977834e+08,2.59678545,-1.31167343e-11,3.69732786,1.05822862,-1.84073618,6.90376083e-01,1.86273220e-04,8.08805323,4.30255083,3,3.4784136943681774
6.26187799e+08,2.59668921,-1.35408125e-11,3.69698715,1.06398125,-1.84073611,6.90376087e-01,1.86234669e-04,8.09116459,4.28707243,3,3.524254001957753
6.33764754e+08,2.59658396,-1.40967476e-11,3.69694379,1.06931782,-1.84073603,6.90376090e-01,1.86194581e-04,8.09813368,4.27670437,3,3.572427598888164
6.41482946e+08,2.59647288,-1.46230818e-11,3.69681526,1.07481584,-1.84073597,6.90376093e-01,1.86164480e-04,8.10530479,4.26622438,3,3.6214991679339783
6.49236002e+08,2.59635700,-1.51930957e-11,3.69657960,1.08068269,-1.84073592,6.90376095e-01,1.86138581e-04,8.11297004,4.25881884,3,3.670792399149276
6.56624520e+08,2.59624221,-1.57846566e-11,3.69614045,1.08685788,-1.84073587,6.90376097e-01,1.86113977e-04,8.12024344,4.25128472,3,3.7177679306187237
6.63990018e+08,2.59612325,-1.64176102e-11,3.69547296,1.09353576,-1.84073583,6.90376099e-01,1.86089769e-04,8.13056410,4.25280863,3,3.7645971030031116
6.70760848e+08,2.59600949,-1.70632920e-11,3.69464442,1.10018029,-1.84073578,6.90376101e-01,1.86066736e-04,8.14208337,4.26009194,3,3.8076454298447437
6.76659466e+08,2.59590660,-1.77440928e-11,3.69324668,1.10812448,-1.84073573,6.90376103e-01,1.86041231e-04,8.15620112,4.28129823,3,3.8451483114084413
6.81231672e+08,2.59582405,-1.82983274e-11,3.69223479,1.11424942,-1.84073569,6.90376105e-01,1.86019409e-04,8.16426931,4.29017908,3,3.874217985034167
6.84642801e+08,2.59575988,-1.92198517e-11,3.69038271,1.12363912,-1.84073563,6.90376107e-01,1.85989350e-04,8.17788046,4.32181570,3,3.895905635749215
6.86759261e+08,2.59571899,-1.94062428e-11,3.69015324,1.12563102,-1.84073560,6.90376108e-01,1.85975794e-04,8.18046987,4.32077868,3,3.90936189765909
6.88467610e+08,2.59568492,-2.03949562e-11,3.68817847,1.13571259,-1.84073555,6.90376110e-01,1.85950775e-04,8.19334600,4.35857618,3,3.920223426616629
6.89896334e+08,2.59565474,-2.16641571e-11,3.68642250,1.14595740,-1.84073548,6.90376113e-01,1.85914938e-04,8.20303465,4.38539096,3,3.9293071250285645
6.90652072e+08,2.59563861,-2.09627488e-11,3.68791385,1.13837810,-1.84073547,6.90376114e-01,1.85909770e-04,8.19548459,4.35665966,3,3.9341120391130477
6.91745647e+08,2.59561531,-2.18105088e-11,3.68605731,1.14851228,-1.84073545,6.90376114e-01,1.85898322e-04,8.20705237,4.39379382,3,3.9410648903921137
6.92522224e+08,2.59559783,-2.29967845e-11,3.68494393,1.15582446,-1.84073541,6.90376116e-01,1.85876142e-04,8.21060503,4.40051036,3,3.946002296960244
6.92790755e+08,2.59559171,-2.25748348e-11,3.68646963,1.14863848,-1.84073540,6.90376116e-01,1.85874192e-04,8.19674984,4.34759037,3,3.9477095928538213
6.92876008e+08,2.59558982,-2.21815395e-11,3.68757929,1.14462415,-1.84073540,6.90376116e-01,1.85874189e-04,8.17886029,4.28722212,3,3.9482516237434213
6.92987274e+08,2.59558741,-2.15127177e-11,3.68944030,1.13734337,-1.84073540,6.90376116e-01,1.85874189e-04,8.16322728,4.23811967,3,3.9489590429423025
6.93191155e+08,2.59558322,-1.99974690e-11,3.69180947,1.12473310,-1.84073540,6.90376116e-01,1.85874189e-04,8.16170598,4.23967980,3,3.950255299963199
6.95057759e+08,2.59554650,-1.99036843e-11,3.69064336,1.12807626,-1.84073540,6.90376116e-01,1.85874188e-04,8.17509641,4.27789858,3,3.9621229999461995
6.96737203e+08,2.59551225,-2.08142008e-11,3.68855653,1.13784657,-1.84073540,6.90376116e-01,1.85873838e-04,8.18912961,4.31821641,3,3.972800753519132
6.97991545e+08,2.59548537,-2.18710584e-11,3.68662386,1.14806257,-1.84073539,6.90376117e-01,1.85867842e-04,8.20144255,4.35518114,3,3.980775746893236
6.98828839e+08,2.59546647,-2.31105262e-11,3.68475852,1.15865036,-1.84073537,6.90376118e-01,1.85854593e-04,8.21222103,4.38955910,3,3.9860991866745534
6.99452563e+08,2.59545159,-2.44354232e-11,3.68300054,1.16939846,-1.84073533,6.90376120e-01,1.85835571e-04,8.22189088,4.42170008,3,3.990064767646306
6.99882909e+08,2.59544071,-2.59020069e-11,3.68129066,1.18026905,-1.84073529,6.90376121e-01,1.85814194e-04,8.23070089,4.45217608,3,3.9928008687244585
7.00202494e+08,2.59543214,-2.74659055e-11,3.67966383,1.19115761,-1.84073524,6.90376123e-01,1.85791612e-04,8.23891868,4.48150757,3,3.994832761348211
7.00436195e+08,2.59542549,-2.91502813e-11,3.67808185,1.20207668,-1.84073520,6.90376125e-01,1.85768436e-04,8.24659191,4.50991813,3,3.99631861124124
7.00605988e+08,2.59542036,-3.09530157e-11,3.67652475,1.21302348,-1.84073515,6.90376127e-01,1.85745244e-04,8.25375849,4.53768312,3,3.997398139830707
7.00729950e+08,2.59541638,-3.28873873e-11,3.67502753,1.22390030,-1.84073511,6.90376129e-01,1.85722208e-04,8.26057744,4.56550063,3,3.998186279053216
7.00822136e+08,2.59541323,-3.49306498e-11,3.67356524,1.23466296,-1.84073506,6.90376130e-01,1.85699945e-04,8.26717809,4.59434768,3,3.9987723893319003
7.00891127e+08,2.59541073,-3.70814733e-11,3.67216346,1.24524451,-1.84073502,6.90376132e-01,1.85678028e-04,8.27346511,4.62464739,3,3.9992110278912985
7.00943162e+08,2.59540873,-3.93404138e-11,3.67075928,1.25572315,-1.84073498,6.90376134e-01,1.85657138e-04,8.27916697,4.65636572,3,3.99954186173105
7.00983274e+08,2.59540710,-4.17161155e-11,3.66941982,1.26601569,-1.84073494,6.90376135e-01,1.85636703e-04,8.28382596,4.68947780,3,3.999796890211498
7.01015220e+08,2.59540572,-4.42521234e-11,3.66811775,1.27611770,-1.84073490,6.90376137e-01,1.85617755e-04,8.28621316,4.72437878,4,4.0
7.01031886e+08,2.59540496,-4.60960153e-11,3.66734798,1.28213431,-1.84073488,6.90376137e-01,1.85605588e-04,8.28512066,4.74651028,4,4.001615830915792
7.01047485e+08,2.59540422,-4.79198541e-11,3.66654097,1.28822581,-1.84073485,6.90376138e-01,1.85593460e-04,8.28273601,4.76823892,4,4.003128212198369
7.01062635e+08,2.59540348,-4.93722275e-11,3.66576723,1.29448103,-1.84073483,6.90376139e-01,1.85582963e-04,8.28112924,4.78776628,4,4.0045970612547865
7.01077929e+08,2.59540271,-5.09458613e-11,3.66497145,1.30089045,-1.84073481,6.90376140e-01,1.85573275e-04,8.28003383,4.80576221,4,4.00607987164877
7.01093820e+08,2.59540188,-5.28012113e-11,3.66415742,1.30739703,-1.84073479,6.90376141e-01,1.85563073e-04,8.27900780,4.82275592,4,4.007620563421412
7.01111097e+08,2.59540095,-5.48197184e-11,3.66332185,1.31397546,-1.84073477,6.90376141e-01,1.85553206e-04,8.27764878,4.83908148,4,4.009295633068126
7.01131168e+08,2.59539981,-5.69553382e-11,3.66250624,1.32054679,-1.84073475,6.90376142e-01,1.85543039e-04,8.27531878,4.85500391,4,4.0112415914451125
7.01162980e+08,2.59539795,-5.93456683e-11,3.66174341,1.32684421,-1.84073473,6.90376143e-01,1.85531802e-04,8.26905506,4.87247196,4,4.01432588360239
7.01226366e+08,2.59539414,-5.98733099e-11,3.66218852,1.32364785,-1.84073471,6.90376143e-01,1.85522777e-04,8.25397730,4.89317603,4,4.020471392928466
7.01268718e+08,2.59539167,-5.77613354e-11,3.66302367,1.31703573,-1.84073471,6.90376143e-01,1.85521721e-04,8.24732417,4.90755233,4,4.024577577432583
7.01319139e+08,2.59538884,-5.54614961e-11,3.66382144,1.31067321,-1.84073471,6.90376143e-01,1.85521136e-04,8.24207849,4.92536969,4,4.029466081609059
7.01406898e+08,2.59538410,-5.35331535e-11,3.66445921,1.30548628,-1.84073471,6.90376143e-01,1.85520493e-04,8.23458159,4.95153933,4,4.037974644271905
7.01560385e+08,2.59537601,-5.24401279e-11,3.66482866,1.30279966,-1.84073470,6.90376143e-01,1.85519227e-04,8.22448693,4.98678376,4,4.052855781903741
7.01756299e+08,2.59536575,-5.24824488e-11,3.66455322,1.30500445,-1.84073470,6.90376144e-01,1.85517216e-04,8.21656748,5.02324299,4,4.071850375569676
7.01939351e+08,2.59535599,-5.36260197e-11,3.66393360,1.30991633,-1.84073469,6.90376144e-01,1.85514681e-04,8.21222089,5.05211639,4,4.0895979503205195
7.02115060e+08,2.59534634,-5.54133791e-11,3.66323046,1.31550731,-1.84073469,6.90376144e-01,1.85511347e-04,8.20980215,5.07721434,4,4.106633593809232
7.02304819e+08,2.59533556,-5.73661602e-11,3.66253839,1.32110768,-1.84073468,6.90376144e-01,1.85507631e-04,8.20861228,5.10221169,4,4.125031437247957
7.02514520e+08,2.59532325,-5.93267480e-11,3.66184361,1.32660801,-1.84073467,6.90376144e-01,1.85503517e-04,8.20835172,5.12803649,4,4.145362732032098
7.02796285e+08,2.59530618,-6.10729487e-11,3.66131997,1.33085057,-1.84073466,6.90376144e-01,1.85499190e-04,8.20862802,5.16004013,4,4.17268090063813
7.03168317e+08,2.59528321,-6.20090763e-11,3.66104563,1.33305067,-1.84073466,6.90376145e-01,1.85495588e-04,8.20841561,5.19808289,4,4.208750791869615
7.03580830e+08,2.59525744,-6.26799790e-11,3.66076371,1.33530949,-1.84073465,6.90376145e-01,1.85492928e-04,8.20692069,5.23604542,4,4.248745467170593
7.03998909e+08,2.59523095,-6.37022281e-11,3.66038338,1.33839107,-1.84073465,6.90376145e-01,1.85490898e-04,8.20492858,5.27212250,4,4.289279786949988
7.04490348e+08,2.59519932,-6.45145356e-11,3.66027737,1.33914836,-1.84073464,6.90376145e-01,1.85489031e-04,8.20144061,5.31105771,4,4.3369266325893685
7.04967756e+08,2.59516850,-6.47840969e-11,3.65985022,1.34240902,-1.84073464,6.90376145e-01,1.85487775e-04,8.19544843,5.34333767,4,4.383213120399667
7.05259052e+08,2.59514923,-6.68416525e-11,3.65900484,1.34879014,-1.84073464,6.90376145e-01,1.85486743e-04,8.19135344,5.36178939,4,4.411455355035844
7.05501677e+08,2.59513257,-6.95494506e-11,3.65816613,1.35542653,-1.84073464,6.90376145e-01,1.85485623e-04,8.18797436,5.37687834,4,4.4349787545284665
7.05732132e+08,2.59511608,-7.22923069e-11,3.65731826,1.36213238,-1.84073463,6.90376145e-01,1.85484478e-04,8.18490141,5.39109385,4,4.4573222270893
7.05947988e+08,2.59510006,-7.51179151e-11,3.65645837,1.36890684,-1.84073463,6.90376145e-01,1.85483418e-04,8.18222306,5.40443850,4,4.478250272100652
7.06147902e+08,2.59508463,-7.80847856e-11,3.65558511,1.37575134,-1.84073463,6.90376145e-01,1.85482643e-04,8.17991893,5.41683374,4,4.497632680698974
7.06338710e+08,2.59506930,-8.12099704e-11,3.65472034,1.38261002,-1.84073463,6.90376145e-01,1.85481011e-04,8.17788517,5.42874933,4,4.516132228603717
7.06512167e+08,2.59505484,-8.43125427e-11,3.65383594,1.38953973,-1.84073462,6.90376145e-01,1.85477207e-04,8.17617775,5.43969075,4,4.532949532285496
7.06675003e+08,2.59504070,-8.78964118e-11,3.65295296,1.39649199,-1.84073460,6.90376145e-01,1.85471289e-04,8.17469664,5.45010275,4,4.5487370903680535
7.06839943e+08,2.59502578,-9.14498153e-11,3.65206369,1.40344053,-1.84073459,6.90376145e-01,1.85463957e-04,8.17330186,5.46082282,4,4.564728639105047
7.07000653e+08,2.59501067,-9.51060602e-11,3.65118017,1.41038689,-1.84073457,6.90376144e-01,1.85457060e-04,8.17201936,5.47142656,4,4.580310073551041
7.07152402e+08,2.59499583,-9.89305378e-11,3.65029250,1.41735687,-1.84073455,6.90376144e-01,1.85448531e-04,8.17086248,5.48159858,4,4.595022705594754
7.07298735e+08,2.59498092,-1.02997510e-10,3.64940288,1.42433769,-1.84073454,6.90376143e-01,1.85441299e-04,8.16977757,5.49156801,4,4.609210236220014
7.07444290e+08,2.59496549,-1.07175097e-10,3.64851144,1.43131634,-1.84073452,6.90376142e-01,1.85435677e-04,8.16871336,5.50165672,4,4.623322336840926
7.07585665e+08,2.59494991,-1.11516214e-10,3.64760542,1.43831755,-1.84073450,6.90376140e-01,1.85428833e-04,8.16770163,5.51166359,4,4.637029170857492
7.07720721e+08,2.59493441,-1.16010101e-10,3.64672679,1.44528923,-1.84073449,6.90376137e-01,1.85423617e-04,8.16678658,5.52151483,4,4.650123354234619
7.07849207e+08,2.59491906,-1.20730602e-10,3.64583378,1.45228795,-1.84073447,6.90376135e-01,1.85419640e-04,8.16595571,5.53116130,4,4.6625805515853
7.07970016e+08,2.59490405,-1.25644784e-10,3.64492479,1.45931781,-1.84073446,6.90376132e-01,1.85415599e-04,8.16522689,5.54053999,4,4.674293435126997
7.08085010e+08,2.59488918,-1.30809071e-10,3.64402485,1.46634206,-1.84073444,6.90376127e-01,1.85412617e-04,8.16456659,5.54975192,4,4.685442532710735
7.08196566e+08,2.59487416,-1.36203218e-10,3.64314578,1.47333843,-1.84073443,6.90376122e-01,1.85410818e-04,8.16394694,5.55896973,4,4.696258303360087
7.08303949e+08,2.59485910,-1.41773587e-10,3.64223356,1.48038009,-1.84073441,6.90376116e-01,1.85410173e-04,8.16336571,5.56815033,4,4.706669486081225
7.08406718e+08,2.59484410,-1.47576881e-10,3.64131695,1.48743362,-1.84073440,6.90376109e-01,1.85410774e-04,8.16278119,5.57714715,4,4.716633324277854
7.08503332e+08,2.59482943,-1.53687099e-10,3.64039877,1.49450044,-1.84073438,6.90376100e-01,1.85412869e-04,8.16219816,5.58581185,4,4.726000412247273
7.08599350e+08,2.59481424,-1.60051694e-10,3.63948849,1.50155124,-1.84073437,6.90376092e-01,1.85415703e-04,8.16158172,5.59465527,4,4.735309715791766
7.08692590e+08,2.59479888,-1.66510229e-10,3.63857052,1.50861274,-1.84073436,6.90376080e-01,1.85421003e-04,8.16094666,5.60347917,4,4.744349681865716
7.08782745e+08,2.59478343,-1.73332895e-10,3.63765320,1.51567513,-1.84073435,6.90376067e-01,1.85427517e-04,8.16029582,5.61225012,4,4.753090545673062
7.08870503e+08,2.59476778,-1.80424906e-10,3.63672882,1.52274627,-1.84073433,6.90376053e-01,1.85435679e-04,8.15962392,5.62102887,4,4.761599011382175
7.08947051e+08,2.59475359,-1.87025102e-10,3.63578008,1.52987601,-1.84073432,6.90376036e-01,1.85445397e-04,8.15900391,5.62890669,4,4.769020625743272
7.09019074e+08,2.59473967,-1.95469163e-10,3.63487362,1.53696009,-1.84073431,6.90376014e-01,1.85459315e-04,8.15840778,5.63654013,4,4.776003524462105
7.09088141e+08,2.59472578,-2.03178277e-10,3.63394099,1.54408203,-1.84073430,6.90375990e-01,1.85472755e-04,8.15778904,5.64402498,4,4.782699827945905
7.09156469e+08,2.59471144,-2.12062451e-10,3.63300088,1.55121137,-1.84073428,6.90375959e-01,1.85487298e-04,8.15712200,5.65157868,4,4.7893244826209465
7.09227807e+08,2.59469585,-2.20991526e-10,3.63207518,1.55830760,-1.84073427,6.90375934e-01,1.85495881e-04,8.15636443,5.65963040,4,4.796240968032609
7.09297820e+08,2.59467993,-2.29936143e-10,3.63113273,1.56542424,-1.84073425,6.90375902e-01,1.85501704e-04,8.15556309,5.66771491,4,4.803028989747919
7.09365484e+08,2.59466392,-2.39307867e-10,3.63019405,1.57253874,-1.84073423,6.90375875e-01,1.85502315e-04,8.15473343,5.67570862,4,4.809589267144183
7.09429051e+08,2.59464826,-2.49089004e-10,3.62926908,1.57964479,-1.84073420,6.90375844e-01,1.85496733e-04,8.15390319,5.68339996,4,4.81575232509595
7.09492529e+08,2.59463195,-2.59654179e-10,3.62831506,1.58678338,-1.84073416,6.90375810e-01,1.85483142e-04,8.15300831,5.69123777,4,4.821906754165472
7.09555907e+08,2.59461501,-2.70319367e-10,3.62737875,1.59389430,-1.84073411,6.90375775e-01,1.85461888e-04,8.15205992,5.69924253,4,4.828051487861684
7.09617680e+08,2.59459782,-2.81353506e-10,3.62643516,1.60101564,-1.84073404,6.90375735e-01,1.85430973e-04,8.15106987,5.70720727,4,4.834040610816275
7.09678480e+08,2.59458021,-2.92988283e-10,3.62550511,1.60811809,-1.84073396,6.90375701e-01,1.85401593e-04,8.15003249,5.71521624,4,4.839935397788563
7.09738602e+08,2.59456206,-3.05149466e-10,3.62454570,1.61525506,-1.84073383,6.90375658e-01,1.85360089e-04,8.14893784,5.72331361,4,4.845764450129812
7.09798517e+08,2.59454323,-3.17882510e-10,3.62361084,1.62235547,-1.84073366,6.90375613e-01,1.85314381e-04,8.14777795,5.73155948,4,4.8515734330483085
7.09858051e+08,2.59452375,-3.31029674e-10,3.62266667,1.62946351,-1.84073345,6.90375564e-01,1.85263575e-04,8.14655226,5.73992936,4,4.857345476594496
7.09917195e+08,2.59450360,-3.44735027e-10,3.62172718,1.63656095,-1.84073318,6.90375510e-01,1.85210254e-04,8.14526622,5.74844349,4,4.863079708184776
7.09975622e+08,2.59448286,-3.58863824e-10,3.62073941,1.64371580,-1.84073281,6.90375446e-01,1.85151233e-04,8.14391269,5.75704048,4,4.868744423948425
7.10033593e+08,2.59446146,-3.73618665e-10,3.61979503,1.65081181,-1.84073240,6.90375381e-01,1.85094813e-04,8.14249518,5.76576559,4,4.874364928809783
7.10091286e+08,2.59443928,-3.89031874e-10,3.61885206,1.65790076,-1.84073185,6.90375302e-01,1.85031941e-04,8.14098510,5.77462258,4,4.879958480533339
7.10148946e+08,2.59441619,-4.05240015e-10,3.61789960,1.66499503,-1.84073126,6.90375220e-01,1.84972262e-04,8.13938146,5.78366518,4,4.8855488327837024
7.10206911e+08,2.59439203,-4.21982107e-10,3.61693665,1.67209291,-1.84073052,6.90375121e-01,1.84907031e-04,8.13767621,5.79296168,4,4.891168755922661
7.10262961e+08,2.59436771,-4.39152815e-10,3.61598404,1.67918003,-1.84072986,6.90375036e-01,1.84855667e-04,8.13595323,5.80219392,4,4.896603012662739
7.10319079e+08,2.59434235,-4.57582688e-10,3.61500891,1.68628671,-1.84072907,6.90374934e-01,1.84799225e-04,8.13412507,5.81163594,4,4.902043862256668
7.10373214e+08,2.59431691,-4.75787086e-10,3.61403453,1.69339508,-1.84072814,6.90374816e-01,1.84740130e-04,8.13228543,5.82100629,4,4.907292452597866
7.10426822e+08,2.59429066,-4.95616516e-10,3.61305236,1.70051045,-1.84072718,6.90374693e-01,1.84684414e-04,8.13033800,5.83043173,4,4.9124899483217215
7.10480630e+08,2.59426324,-5.16184241e-10,3.61209322,1.70758735,-1.84072602,6.90374543e-01,1.84622478e-04,8.12827959,5.84009654,4,4.917706834792196
7.10534357e+08,2.59423475,-5.37593528e-10,3.61111777,1.71467595,-1.84072508,6.90374419e-01,1.84575740e-04,8.12611960,5.84996701,4,4.92291586801029
7.10585565e+08,2.59420648,-5.59198501e-10,3.61015171,1.72176234,-1.84072393,6.90374265e-01,1.84522271e-04,8.12396008,5.85959151,4,4.9278806747747135
7.10631681e+08,2.59417999,-5.81343814e-10,3.60917053,1.72889610,-1.84072277,6.90374106e-01,1.84471157e-04,8.12192721,5.86844370,4,4.932351793130207
7.10674685e+08,2.59415429,-6.05753956e-10,3.60817179,1.73606688,-1.84072172,6.90373957e-01,1.84427094e-04,8.11995565,5.87685418,4,4.936521191468304
7.10718116e+08,2.59412725,-6.30695445e-10,3.60717791,1.74322366,-1.84072047,6.90373774e-01,1.84377615e-04,8.11787116,5.88548090,4,4.940731989050433
7.10760683e+08,2.59409964,-6.56958098e-10,3.60619514,1.75036707,-1.84071939,6.90373610e-01,1.84336496e-04,8.11574126,5.89409045,4,4.944859018607167
7.10800964e+08,2.59407245,-6.83822324e-10,3.60519945,1.75753749,-1.84071813,6.90373410e-01,1.84290190e-04,8.11365291,5.90237395,4,4.948764411930041
7.10839054e+08,2.59404570,-7.11531690e-10,3.60420312,1.76471884,-1.84071692,6.90373210e-01,1.84247402e-04,8.11160816,5.91033164,4,4.9524573796236995
7.10877515e+08,2.59401756,-7.41269622e-10,3.60322528,1.77187066,-1.84071567,6.90372993e-01,1.84204631e-04,8.10946620,5.91848204,4,4.956186317152337
7.10910184e+08,2.59399271,-7.70909793e-10,3.60222251,1.77908875,-1.84071445,6.90372773e-01,1.84164049e-04,8.10758636,5.92549384,4,4.9593536986588775
7.10939935e+08,2.59396911,-8.02631544e-10,3.60120361,1.78634120,-1.84071328,6.90372550e-01,1.84125940e-04,8.10583168,5.93196947,4,4.962238169172242
7.10972068e+08,2.59394254,-8.38147744e-10,3.60019759,1.79356042,-1.84071202,6.90372297e-01,1.84085656e-04,8.10387586,5.93902704,4,4.965353583477842
7.11013029e+08,2.59390726,-8.73116838e-10,3.59921193,1.80068388,-1.84071082,6.90372041e-01,1.84048331e-04,8.10126822,5.94808418,4,4.9693249053392226
7.11040430e+08,2.59388277,-9.03671775e-10,3.59818896,1.80794689,-1.84071001,6.90371860e-01,1.84023606e-04,8.09947919,5.95422894,4,4.971981534579809
7.11064057e+08,2.59386079,-9.42326887e-10,3.59716691,1.81522977,-1.84070878,6.90371568e-01,1.83986249e-04,8.09791327,5.95958766,4,4.974272260431689
7.11097686e+08,2.59382800,-9.87731213e-10,3.59615945,1.82242487,-1.84070744,6.90371232e-01,1.83946205e-04,8.09559857,5.96724048,4,4.977532717522002
7.11128623e+08,2.59379667,-1.02719158e-09,3.59512282,1.82967885,-1.84070658,6.90371005e-01,1.83920993e-04,8.09340546,5.97433584,4,4.9805321751628195
7.11158849e+08,2.59376485,-1.06645304e-09,3.59410974,1.83690610,-1.84070569,6.90370755e-01,1.83894967e-04,8.09118878,5.98129214,4,4.983462698699404
7.11178531e+08,2.59374327,-1.10954893e-09,3.59306990,1.84422480,-1.84070476,6.90370482e-01,1.83868151e-04,8.08974780,5.98591073,4,4.9853709420742165
7.11209479e+08,2.59370784,-1.16117919e-09,3.59205407,1.85144515,-1.84070365,6.90370140e-01,1.83836418e-04,8.08738012,5.99312087,4,4.988371466206098
7.11234949e+08,2.59367755,-1.20510134e-09,3.59101994,1.85872451,-1.84070293,6.90369904e-01,1.83815856e-04,8.08538939,5.99909694,4,4.990840877788075
7.11255121e+08,2.59365256,-1.25563695e-09,3.58998565,1.86603177,-1.84070208,6.90369612e-01,1.83791621e-04,8.08379622,6.00387524,4,4.992796628492104
7.11276097e+08,2.59362547,-1.30711463e-09,3.58893051,1.87335983,-1.84070117,6.90369285e-01,1.83766059e-04,8.08211078,6.00886049,4,4.994830329997543
7.11306235e+08,2.59358490,-1.36859017e-09,3.58789303,1.88060425,-1.84070038,6.90368985e-01,1.83743882e-04,8.07958984,6.01596390,4,4.997752321605616
7.11329418e+08,2.59355242,-1.42388689e-09,3.58687472,1.88787463,-1.84069972,6.90368722e-01,1.83725505e-04,8.07762422,6.02146918,5,5.0
7.11416415e+08,2.59341807,-1.66114966e-09,3.58303522,1.91482848,-1.84069769,6.90367827e-01,1.83668904e-04,8.06989596,6.04215540,5,5.042789857175319
7.11496383e+08,2.59327518,-1.92941115e-09,3.57915090,1.94184976,-1.84069636,6.90367157e-01,1.83631798e-04,8.06235399,6.06116534,5,5.082122469778007
7.11582556e+08,2.59309611,-2.18846481e-09,3.57578368,1.96520277,-1.84069587,6.90366893e-01,1.83618247e-04,8.05364425,6.08123979,5,5.124507038928308
7.11657204e+08,2.59291632,-2.56562048e-09,3.57193511,1.99174574,-1.84069563,6.90366756e-01,1.83611539e-04,8.04584685,6.09850924,5,5.161222986126755
7.11744013e+08,2.59267736,-2.96685117e-09,3.56813944,2.01814064,-1.84069562,6.90366753e-01,1.83611432e-04,8.03639350,6.11802378,5,5.203920374675008
7.11843681e+08,2.59235513,-3.66976894e-09,3.56420879,2.04493502,-1.84069562,6.90366753e-01,1.83611430e-04,8.02519797,6.13964341,5,5.252942518943772
7.11942399e+08,2.59191659,-5.20819285e-09,3.56053280,2.07000609,-1.84069562,6.90366753e-01,1.83611430e-04,8.01400926,6.16033424,5,5.301497401533209
7.11976030e+08,2.59172079,-5.05708874e-09,3.56120284,2.06526194,-1.84069562,6.90366753e-01,1.83611430e-04,8.00974506,6.16640823,5,5.318038956835841
7.11991932e+08,2.59163966,-6.16996847e-09,3.55848213,2.08404688,-1.84069562,6.90366753e-01,1.83611430e-04,8.00837053,6.17034942,5,5.325860425493404
7.12002359e+08,2.59155808,-9.27174795e-09,3.55442748,2.11152196,-1.84069562,6.90366753e-01,1.83611430e-04,8.00823670,6.17436928,5,5.330988991314835
7.12022276e+08,2.59131337,-1.37611719e-08,3.55081328,2.13584063,-1.84069562,6.90366753e-01,1.83611430e-04,8.00715100,6.18067293,5,5.34078525538556
7.12026682e+08,2.59125868,-9.39607026e-09,3.55488157,2.10836981,-1.84069562,6.90366753e-01,1.83611430e-04,8.00480962,6.17825268,5,5.342952365868846
7.12026918e+08,2.59125668,-6.56822805e-09,3.55853910,2.08364148,-1.84069562,6.90366753e-01,1.83611430e-04,7.99138839,6.15403779,5,5.34306844350708
7.12026987e+08,2.59125631,-4.51155468e-09,3.56259862,2.05616406,-1.84069562,6.90366753e-01,1.83611430e-04,7.99140467,6.15409002,5,5.34310238146063
7.12027045e+08,2.59125609,-3.23999647e-09,3.56661478,2.02873344,-1.84069562,6.90366753e-01,1.83611430e-04,7.99151827,6.15431502,5,5.343130909015789
7.12027123e+08,2.59125587,-2.76890548e-09,3.56966094,2.00748748,-1.84069562,6.90366753e-01,1.83611430e-04,7.99166759,6.15454683,5,5.343169273658934
7.12027171e+08,2.59125572,-2.99218231e-09,3.56567454,2.03489095,-1.84069562,6.90366753e-01,1.83611413e-04,7.99190572,6.15504765,5,5.343192882670101
7.12027205e+08,2.59125561,-3.64537197e-09,3.56164377,2.06234728,-1.84069561,6.90366750e-01,1.83610330e-04,7.99202910,6.15528211,5,5.343209605719676
7.12027236e+08,2.59125545,-5.44276384e-09,3.55757885,2.08984344,-1.84069559,6.90366743e-01,1.83607641e-04,7.99214226,6.15549697,5,5.3432248532060544
7.12027264e+08,2.59125524,-8.29160377e-09,3.55354356,2.11730484,-1.84069552,6.90366731e-01,1.83603130e-04,7.99224902,6.15569950,5,5.343238625129235
7.12027291e+08,2.59125493,-1.24651731e-08,3.54945364,2.14482992,-1.84069542,6.90366713e-01,1.83597181e-04,7.99235302,6.15589678,5,5.343251905198016
7.12027318e+08,2.59125447,-1.86296855e-08,3.54535973,2.17235950,-1.84069528,6.90366689e-01,1.83590612e-04,7.99245638,6.15609280,5,5.343265185266796
7.12027345e+08,2.59125378,-2.68662995e-08,3.54123640,2.19992292,-1.84069514,6.90366662e-01,1.83584179e-04,7.99256218,6.15629347,5,5.343278465335578
7.12027374e+08,2.59125270,-3.92992303e-08,3.53710495,2.22749566,-1.84069500,6.90366631e-01,1.83578174e-04,7.99267415,6.15650592,5,5.343292729113157
7.12027407e+08,2.59125088,-6.10063429e-08,3.53294502,2.25510057,-1.84069485,6.90366594e-01,1.83572226e-04,7.99279712,6.15673938,5,5.343308960308334
7.12027446e+08,2.59124766,-8.85145250e-08,3.52883797,2.28264512,-1.84069472,6.90366552e-01,1.83566509e-04,7.99294363,6.15701781,5,5.343328142629906
7.12027505e+08,2.59124020,-1.38797733e-07,3.52463326,2.31030066,-1.84069458,6.90366496e-01,1.83560448e-04,7.99315192,6.15741457,5,5.343357162039465
7.12027752e+08,2.59118982,-2.08167027e-07,3.52231315,2.32539116,-1.84069434,6.90366361e-01,1.83549751e-04,7.99383611,6.15873737,5,5.34347865007609
7.12027938e+08,2.59115763,-1.42849999e-07,3.52645957,2.29780995,-1.84069429,6.90366324e-01,1.83547312e-04,7.99391825,6.15895028,5,5.3435701349943585
7.12028076e+08,2.59114169,-9.53527310e-08,3.53062517,2.27020940,-1.84069427,6.90366306e-01,1.83546098e-04,7.99306555,6.15745490,5,5.3436380109014605
7.12028180e+08,2.59113345,-6.86576934e-08,3.53475737,2.24264904,-1.84069425,6.90366293e-01,1.83545265e-04,7.99161987,6.15487520,5,5.343689163758987
7.12028272e+08,2.59112851,-4.54031716e-08,3.53891327,2.21505535,-1.84069424,6.90366282e-01,1.83544587e-04,7.99103247,6.15384334,5,5.343734414363722
7.12028367e+08,2.59112509,-2.98717604e-08,3.54305409,2.18748964,-1.84069422,6.90366272e-01,1.83543896e-04,7.99087161,6.15358417,5,5.3437811405316555
7.12028503e+08,2.59112192,-1.97849334e-08,3.54716665,2.15994777,-1.84069421,6.90366257e-01,1.83542972e-04,7.99095277,6.15377569,5,5.343848032729959
7.12028760e+08,2.59111690,-2.20672338e-08,3.54433074,2.17926997,-1.84069418,6.90366239e-01,1.83541760e-04,7.99144337,6.15474846,5,5.3439744393105775
7.12028913e+08,2.59111249,-3.12200910e-08,3.54019602,2.20684621,-1.84069417,6.90366233e-01,1.83541405e-04,7.99177142,6.15539297,5,5.34404969303367
7.12029417e+08,2.59108920,-4.86438836e-08,3.53800063,2.22122396,-1.84069417,6.90366228e-01,1.83541080e-04,7.99242221,6.15674021,5,5.344297587650913
7.12029751e+08,2.59107586,-3.40427589e-08,3.54208967,2.19370397,-1.84069417,6.90366227e-01,1.83541030e-04,7.99222418,6.15649490,5,5.344461867020277
7.12030053e+08,2.59106770,-2.40513090e-08,3.54621140,2.16614854,-1.84069417,6.90366227e-01,1.83541009e-04,7.99181565,6.15585770,5,5.344610407048863
7.12031396e+08,2.59104619,-1.46277603e-08,3.55029179,2.13864989,-1.84069417,6.90366227e-01,1.83540993e-04,7.99174128,6.15617396,5,5.345270967507115
7.12032901e+08,2.59102785,-1.07000431e-08,3.55436295,2.11114800,-1.84069417,6.90366227e-01,1.83540993e-04,7.99165118,6.15651673,5,5.3460112083780515
7.12035818e+08,2.59100417,-7.21126540e-09,3.55840650,2.08368445,-1.84069417,6.90366227e-01,1.83540993e-04,7.99164389,6.15748596,5,5.347445947660789
7.12038359e+08,2.59098923,-5.42332363e-09,3.56238071,2.05629854,-1.84069417,6.90366227e-01,1.83540993e-04,7.99168462,6.15841853,5,5.348695749689394
7.12041657e+08,2.59097655,-3.38129620e-09,3.56657034,2.02866151,-1.84069417,6.90366227e-01,1.83540993e-04,7.99178566,6.15972075,5,5.350317885498264
7.12053928e+08,2.59093926,-3.19033580e-09,3.56615511,2.03171071,-1.84069417,6.90366227e-01,1.83540993e-04,7.99255754,6.16528409,5,5.356353430831992
7.12067699e+08,2.59088682,-4.49025454e-09,3.56212165,2.05913455,-1.84069417,6.90366227e-01,1.83540993e-04,7.99334619,6.17158858,5,5.363126757764659
7.12079348e+08,2.59082400,-6.46865021e-09,3.55808267,2.08658313,-1.84069417,6.90366227e-01,1.83540993e-04,7.99379649,6.17666627,5,5.368856369662027
7.12093498e+08,2.59070631,-9.56907757e-09,3.55403404,2.11403794,-1.84069417,6.90366227e-01,1.83540993e-04,7.99419834,6.18265638,5,5.375816109412027
7.12130461e+08,2.59024602,-1.27837290e-08,3.55184804,2.12870799,-1.84069417,6.90366227e-01,1.83540993e-04,7.99188001,6.19251731,5,5.393996523573106
7.12147893e+08,2.59002520,-1.42902173e-08,3.54873178,2.14996509,-1.84069417,6.90366227e-01,1.83540993e-04,7.99093656,6.19742688,5,5.4025705294615864
7.12160627e+08,2.58977800,-2.23976109e-08,3.54462127,2.17750024,-1.84069414,6.90366227e-01,1.83535504e-04,7.99099734,6.20244559,5,5.408833803382188
7.12179579e+08,2.58922649,-3.14927872e-08,3.54302285,2.18787865,-1.84069406,6.90366228e-01,1.83522730e-04,7.98989203,6.20786936,5,5.418155427957594
7.12182235e+08,2.58915599,-2.00244462e-08,3.54715708,2.16031412,-1.84069406,6.90366228e-01,1.83522726e-04,7.98817713,6.20578847,5,5.419461793242117
7.12182534e+08,2.58915066,-1.37998948e-08,3.55092450,2.13539705,-1.84069406,6.90366228e-01,1.83522726e-04,7.97429298,6.18070409,5,5.419608857707506
7.12182591e+08,2.58915000,-9.45803791e-09,3.55497014,2.10793036,-1.84069406,6.90366228e-01,1.83522726e-04,7.97415467,6.18047134,5,5.419636893408265
7.12182639e+08,2.58914963,-6.54968706e-09,3.55899914,2.08048912,-1.84069406,6.90366228e-01,1.83522726e-04,7.97419639,6.18056182,5,5.419660502419432
7.12182688e+08,2.58914937,-4.47599829e-09,3.56302652,2.05304705,-1.84069406,6.90366228e-01,1.83522726e-04,7.97430281,6.18076976,5,5.419684603284997
7.12182755e+08,2.58914910,-4.31887148e-09,3.56099020,2.06681526,-1.84069400,6.90366229e-01,1.83513377e-04,7.97451685,6.18117849,5,5.41971755752975
7.12182787e+08,2.58914892,-5.67417059e-09,3.55691286,2.09432568,-1.84069392,6.90366231e-01,1.83499530e-04,7.97463677,6.18140594,5,5.419733296870527
7.12182815e+08,2.58914871,-8.14018695e-09,3.55288662,2.12177676,-1.84069386,6.90366231e-01,1.83491288e-04,7.97474171,6.18160462,5,5.419747068793708
7.12182840e+08,2.58914841,-1.27393227e-08,3.54881042,2.14928591,-1.84069381,6.90366230e-01,1.83487679e-04,7.97484081,6.18179207,5,5.4197593651536895
7.12182863e+08,2.58914798,-1.94927355e-08,3.54471353,2.17681896,-1.84069377,6.90366229e-01,1.83485874e-04,7.97493658,6.18197314,5,5.419770677804873
7.12182887e+08,2.58914736,-2.92956685e-08,3.54056081,2.20441604,-1.84069371,6.90366227e-01,1.83483371e-04,7.97503138,6.18215224,5,5.419782482310456
7.12182910e+08,2.58914643,-4.37640094e-08,3.53641947,2.23199999,-1.84069363,6.90366224e-01,1.83480183e-04,7.97512703,6.18233300,5,5.41979379496164
7.12182935e+08,2.58914498,-6.33937950e-08,3.53230281,2.25955585,-1.84069354,6.90366218e-01,1.83476552e-04,7.97522680,6.18252152,5,5.419806091321623
7.12182961e+08,2.58914265,-9.34734829e-08,3.52816503,2.28713583,-1.84069344,6.90366209e-01,1.83472668e-04,7.97533556,6.18272711,5,5.419818879536004
7.12182992e+08,2.58913856,-1.43958296e-07,3.52399348,2.31475425,-1.84069332,6.90366194e-01,1.83468437e-04,7.97545998,6.18296245,5,5.419834127022383
7.12183034e+08,2.58913035,-2.12222189e-07,3.51977524,2.34242484,-1.84069320,6.90366170e-01,1.83463732e-04,7.97562239,6.18327009,5,5.419854784907153
7.12183115e+08,2.58910588,-3.46670195e-07,3.51553847,2.37011632,-1.84069305,6.90366118e-01,1.83457279e-04,7.97591183,6.18382044,5,5.419894625113495
7.12183383e+08,2.58900314,-3.23047708e-07,3.51779795,2.35500657,-1.84069289,6.90365994e-01,1.83448800e-04,7.97641285,6.18481473,5,5.420026442092506
7.12183514e+08,2.58896851,-2.18911781e-07,3.52201791,2.32734409,-1.84069287,6.90365966e-01,1.83447389e-04,7.97604255,6.18418577,5,5.420090875018813
7.12183621e+08,2.58894957,-1.54179070e-07,3.52621241,2.29970878,-1.84069285,6.90365949e-01,1.83446560e-04,7.97522677,6.18274089,5,5.4201435034395375
7.12183718e+08,2.58893750,-1.05591031e-07,3.53036277,2.27211939,-1.84069284,6.90365934e-01,1.83445833e-04,7.97469257,6.18180360,5,5.4201912133162695
7.12183829e+08,2.58892852,-6.83352010e-08,3.53446877,2.24458164,-1.84069283,6.90365917e-01,1.83445031e-04,7.97449554,6.18148127,5,5.420245809154591
7.12184132e+08,2.58891301,-4.84810252e-08,3.53695430,2.22836378,-1.84069280,6.90365866e-01,1.83442650e-04,7.97477151,6.18207638,5,5.420394841037576
7.12184662e+08,2.58887887,-7.08821583e-08,3.53391431,2.24860678,-1.84069277,6.90365829e-01,1.83440880e-04,7.97542171,6.18342267,5,5.420655523869202
7.12185071e+08,2.58885440,-5.22935160e-08,3.53804295,2.22104143,-1.84069277,6.90365822e-01,1.83440557e-04,7.97536767,6.18345459,5,5.420856692318513
7.12185525e+08,2.58883621,-3.55996964e-08,3.54219589,2.19346941,-1.84069276,6.90365819e-01,1.83440425e-04,7.97520204,6.18329868,5,5.421079994215792
7.12186604e+08,2.58880783,-2.30655447e-08,3.54628099,2.16595742,-1.84069276,6.90365818e-01,1.83440359e-04,7.97527680,6.18377631,5,5.42161070511263
7.12188083e+08,2.58878108,-1.60225880e-08,3.55035018,2.13846324,-1.84069276,6.90365818e-01,1.83440356e-04,7.97541813,6.18450350,5,5.422338157769184
7.12190027e+08,2.58875629,-1.14471569e-08,3.55441123,2.11097489,-1.84069276,6.90365818e-01,1.83440355e-04,7.97562146,6.18549357,5,5.423294322721411
7.12191614e+08,2.58874258,-7.79619137e-09,3.55846129,2.08349741,-1.84069276,6.90365818e-01,1.83440355e-04,7.97579093,6.18631067,5,5.4240748956530895
7.12196913e+08,2.58871551,-4.62482442e-09,3.56183776,2.06102583,-1.84069276,6.90365818e-01,1.83440355e-04,7.97650646,6.18932727,5,5.4266812321149445
7.12202140e+08,2.58868543,-6.84636878e-09,3.55784538,2.08842653,-1.84069276,6.90365818e-01,1.83440355e-04,7.97733735,6.19256101,5,5.42925215506005
7.12209105e+08,2.58862571,-1.01306663e-08,3.55378217,2.11589318,-1.84069276,6.90365818e-01,1.83440355e-04,7.97836489,6.19677453,5,5.432677920951129
7.12220001e+08,2.58849535,-1.44483528e-08,3.54972945,2.14334358,-1.84069276,6.90365818e-01,1.83440353e-04,7.97972742,6.20302795,5,5.438037166485828
7.12229349e+08,2.58832339,-2.16895028e-08,3.54560138,2.17089432,-1.84069276,6.90365818e-01,1.83440324e-04,7.98074379,6.20821374,5,5.442635021410422
7.12240212e+08,2.58803186,-3.20410919e-08,3.54148661,2.19842837,-1.84069276,6.90365818e-01,1.83440287e-04,7.98163512,6.21381806,5,5.447978035749945
7.12250957e+08,2.58760983,-4.48280492e-08,3.53733954,2.22600568,-1.84069273,6.90365819e-01,1.83433077e-04,7.98215040,6.21879102,5,5.4532630112703515
7.12268896e+08,2.58663926,-5.23399665e-08,3.53749310,2.22481645,-1.84069266,6.90365820e-01,1.83421058e-04,7.98122045,6.22397551,5,5.462086387339275
7.12270553e+08,2.58656556,-3.40729347e-08,3.54123572,2.19986675,-1.84069266,6.90365820e-01,1.83421058e-04,7.96960793,6.20349791,5,5.462901390078903
7.12270640e+08,2.58656294,-2.37165419e-08,3.54532121,2.17277691,-1.84069266,6.90365820e-01,1.83421057e-04,7.96458125,6.19440182,5,5.4629441814116415
7.12270682e+08,2.58656211,-1.63177265e-08,3.54944109,2.14523825,-1.84069266,6.90365820e-01,1.83421057e-04,7.96444522,6.19416774,5,5.462964839296412
7.12270721e+08,2.58656160,-1.12552026e-08,3.55345247,2.11781381,-1.84069266,6.90365820e-01,1.83421057e-04,7.96444619,6.19418095,5,5.462984021617984
7.12270761e+08,2.58656124,-7.66624115e-09,3.55749442,2.09035706,-1.84069266,6.90365820e-01,1.83421056e-04,7.96450942,6.19430760,5,5.463003695793956
7.12270826e+08,2.58656081,-6.94648441e-09,3.55631357,2.09842544,-1.84069262,6.90365821e-01,1.83414094e-04,7.96469349,6.19466088,5,5.46303566632991
7.12270857e+08,2.58656053,-9.18730792e-09,3.55227298,2.12589321,-1.84069256,6.90365822e-01,1.83401887e-04,7.96480577,6.19487388,5,5.463050913816288
7.12270883e+08,2.58656021,-1.32804085e-08,3.54822273,2.15337227,-1.84069251,6.90365823e-01,1.83394004e-04,7.96490541,6.19506249,5,5.46306370203067
7.12270907e+08,2.58655976,-2.03390487e-08,3.54405271,2.18098853,-1.84069246,6.90365822e-01,1.83389500e-04,7.96499905,6.19523953,5,5.463075506536253
7.12270929e+08,2.58655913,-3.05575483e-08,3.53998873,2.20848322,-1.84069245,6.90365822e-01,1.83388643e-04,7.96508926,6.19540991,5,5.463086327333038
7.12270951e+08,2.58655820,-4.61974479e-08,3.53581479,2.23610436,-1.84069243,6.90365821e-01,1.83387426e-04,7.96517886,6.19557907,5,5.463097148129822
7.12270973e+08,2.58655681,-6.91244994e-08,3.53165792,2.26370616,-1.84069238,6.90365820e-01,1.83385547e-04,7.96526971,6.19575051,5,5.463107968926606
7.12270996e+08,2.58655468,-9.81165785e-08,3.52754366,2.29125907,-1.84069232,6.90365816e-01,1.83383028e-04,7.96536509,6.19593050,5,5.46311928157779
7.12271021e+08,2.58655135,-1.49083466e-07,3.52337905,2.31886830,-1.84069224,6.90365811e-01,1.83380009e-04,7.96546825,6.19612517,5,5.463131577937773
7.12271050e+08,2.58654536,-2.22786399e-07,3.51915183,2.34654950,-1.84069215,6.90365799e-01,1.83376349e-04,7.96558776,6.19635082,5,5.4631458417153524
7.12271088e+08,2.58653362,-3.41569655e-07,3.51490014,2.37425773,-1.84069204,6.90365777e-01,1.83371925e-04,7.96574144,6.19664133,5,5.4631645321825255
7.12271160e+08,2.58649939,-5.42913218e-07,3.51062757,2.40198909,-1.84069190,6.90365717e-01,1.83365619e-04,7.96600750,6.19714594,5,5.463199945699274
7.12271420e+08,2.58633776,-5.32960964e-07,3.51234489,2.39045340,-1.84069176,6.90365487e-01,1.83355587e-04,7.96648375,6.19809004,5,5.463327827843091
7.12271547e+08,2.58628267,-3.64482080e-07,3.51661323,2.36273374,-1.84069175,6.90365423e-01,1.83353895e-04,7.96618207,6.19758151,5,5.463390293351801
7.12271653e+08,2.58625112,-2.64234153e-07,3.52080964,2.33508773,-1.84069174,6.90365385e-01,1.83352992e-04,7.96567370,6.19669141,5,5.463442429918126
7.12271761e+08,2.58622847,-1.86821473e-07,3.52500133,2.30746480,-1.84069174,6.90365351e-01,1.83352211e-04,7.96529214,6.19603216,5,5.463495550193249
7.12271907e+08,2.58620878,-1.16145109e-07,3.52914762,2.27988704,-1.84069173,6.90365304e-01,1.83351152e-04,7.96509773,6.19572332,5,5.463567360935547
7.12272728e+08,2.58613323,-9.09471367e-08,3.53161297,2.26349311,-1.84069172,6.90365104e-01,1.83346679e-04,7.96556620,6.19682210,5,5.463971173397367
7.12273233e+08,2.58609500,-6.79620352e-08,3.53567639,2.23600328,-1.84069172,6.90365076e-01,1.83346069e-04,7.96558105,6.19700301,5,5.46421955986901
7.12273887e+08,2.58606198,-4.59209426e-08,3.53989447,2.20833601,-1.84069172,6.90365064e-01,1.83345788e-04,7.96559893,6.19723469,5,5.464541232646147
7.12274854e+08,2.58602936,-2.97884053e-08,3.54407353,2.18071407,-1.84069172,6.90365060e-01,1.83345695e-04,7.96573363,6.19777398,5,5.465016855850264
7.12276529e+08,2.58599150,-2.01133629e-08,3.54818689,2.15316401,-1.84069172,6.90365059e-01,1.83345683e-04,7.96603159,6.19882816,5,5.46584071196908
7.12277726e+08,2.58597232,-1.46432923e-08,3.55225929,2.12566968,-1.84069172,6.90365059e-01,1.83345682e-04,7.96625110,6.19959537,5,5.466429461685034
7.12279251e+08,2.58595664,-8.49020170e-09,3.55633207,2.09816966,-1.84069172,6.90365059e-01,1.83345682e-04,7.96654138,6.20059484,5,5.467179539643956
7.12284751e+08,2.58591704,-8.19748585e-09,3.55598662,2.10082635,-1.84069172,6.90365059e-01,1.83345682e-04,7.96779572,6.20460206,5,5.4698847388400695
7.12290146e+08,2.58586235,-1.21107426e-08,3.55194736,2.12827539,-1.84069172,6.90365059e-01,1.83345682e-04,7.96906081,6.20863984,5,5.472538293324257
7.12297975e+08,2.58574646,-1.75311357e-08,3.54785908,2.15577711,-1.84069172,6.90365059e-01,1.83345682e-04,7.97071560,6.21424656,5,5.476389021416324
7.12304780e+08,2.58559679,-2.59797763e-08,3.54373460,2.18332788,-1.84069172,6.90365059e-01,1.83345682e-04,7.97199233,6.21889535,5,5.479736090603515
7.12312313e+08,2.58535650,-3.77560455e-08,3.53960297,2.21088610,-1.84069172,6.90365059e-01,1.83345682e-04,7.97319693,6.22373245,5,5.483441229793391
7.12320382e+08,2.58497830,-5.36029942e-08,3.53546503,2.23845327,-1.84069172,6.90365059e-01,1.83345682e-04,7.97421582,6.22849414,5,5.4874100029412896
7.12331502e+08,2.58421505,-8.05388207e-08,3.53139482,2.26525131,-1.84069171,6.90365059e-01,1.83344701e-04,7.97519055,6.23438264,5,5.492879423861431
7.12359962e+08,2.58106884,-1.25925609e-07,3.52758044,2.29041557,-1.84069168,6.90365060e-01,1.83340269e-04,7.97533694,6.24556934,5,5.506877600065319
7.12364637e+08,2.58053496,-8.42416975e-08,3.53168085,2.26290381,-1.84069168,6.90365060e-01,1.83340269e-04,7.97292807,6.24298903,5,5.509177019382014
7.12364730e+08,2.58052766,-6.15632157e-08,3.53522513,2.23956257,-1.84069168,6.90365060e-01,1.83340269e-04,7.95553234,6.21138060,5,5.509222761841149
7.12364763e+08,2.58052601,-4.21560784e-08,3.53936071,2.21199818,-1.84069168,6.90365060e-01,1.83340269e-04,7.95510212,6.21060874,5,5.509238993036325
7.12364792e+08,2.58052499,-2.88799191e-08,3.54354548,2.18438112,-1.84069168,6.90365060e-01,1.83340269e-04,7.95495310,6.21034660,5,5.5092532568139045
7.12364822e+08,2.58052430,-1.98052732e-08,3.54762401,2.15687317,-1.84069168,6.90365060e-01,1.83340269e-04,7.95490281,6.21026374,5,5.509268012445884
7.12364856e+08,2.58052377,-1.34154501e-08,3.55168560,2.12938854,-1.84069168,6.90365060e-01,1.83340269e-04,7.95491187,6.21028990,5,5.509284735495459
7.12364919e+08,2.58052301,-1.31385061e-08,3.54994326,2.14108846,-1.84069168,6.90365060e-01,1.83339501e-04,7.95504023,6.21054130,5,5.509315722322615
7.12364949e+08,2.58052251,-1.73719893e-08,3.54586564,2.16859921,-1.84069165,6.90365060e-01,1.83334579e-04,7.95513266,6.21071798,5,5.5093304779545935
7.12364974e+08,2.58052193,-2.42965505e-08,3.54177882,2.19612058,-1.84069163,6.90365061e-01,1.83330820e-04,7.95521722,6.21087882,5,5.509342774314576
7.12364997e+08,2.58052113,-3.73593068e-08,3.53761961,2.22372508,-1.84069162,6.90365061e-01,1.83328829e-04,7.95529830,6.21103275,5,5.50935408696576
7.12365019e+08,2.58051999,-5.67807658e-08,3.53346779,2.25132104,-1.84069161,6.90365060e-01,1.83328357e-04,7.95537776,6.21118338,5,5.509364907762545
7.12365040e+08,2.58051833,-8.53090386e-08,3.52931178,2.27892152,-1.84069160,6.90365060e-01,1.83327615e-04,7.95545736,6.21133414,5,5.50937523670493
7.12365062e+08,2.58051584,-1.27135132e-07,3.52515887,2.30651847,-1.84069157,6.90365059e-01,1.83326371e-04,7.95553910,6.21148887,5,5.509386057501714
7.12365085e+08,2.58051193,-1.79336814e-07,3.52103058,2.33408755,-1.84069153,6.90365057e-01,1.83324502e-04,7.95562654,6.21165429,5,5.5093973701528975
7.12365110e+08,2.58050554,-2.79778130e-07,3.51675961,2.36181565,-1.84069147,6.90365051e-01,1.83321987e-04,7.95572265,6.21183627,5,5.50940966651288
7.12365140e+08,2.58049387,-4.11954230e-07,3.51251936,2.38951137,-1.84069140,6.90365035e-01,1.83318634e-04,7.95583683,6.21205255,5,5.509424422144859
7.12365182e+08,2.58046969,-6.34169227e-07,3.50820191,2.41729256,-1.84069131,6.90364987e-01,1.83314127e-04,7.95598763,6.21233879,5,5.5094450800296295
7.12365273e+08,2.58038845,-1.03473164e-06,3.50385069,2.44511031,-1.84069120,6.90364733e-01,1.83306219e-04,7.95626055,6.21286113,5,5.509489838779965
7.12365529e+08,2.58011247,-8.90564427e-07,3.50677211,2.42601985,-1.84069126,6.90363395e-01,1.83295734e-04,7.95627041,6.21295461,5,5.509615753506184
7.12365644e+08,2.58002783,-6.56108658e-07,3.51104239,2.39829456,-1.84069130,6.90362933e-01,1.83293878e-04,7.95584027,6.21220698,5,5.509672316762103
7.12365754e+08,2.57997107,-4.70005152e-07,3.51531418,2.37056406,-1.84069133,6.90362612e-01,1.83292769e-04,7.95547791,6.21158100,5,5.509726420746025
7.12365891e+08,2.57992454,-2.97683268e-07,3.51953351,2.34289283,-1.84069136,6.90362291e-01,1.83291777e-04,7.95522797,6.21116667,5,5.509793804798728
7.12366419e+08,2.57981874,-1.79152529e-07,3.52375682,2.31523124,-1.84069148,6.90360915e-01,1.83287897e-04,7.95525999,6.21137789,5,5.510053503921555
7.12367073e+08,2.57971613,-1.38898430e-07,3.52789917,2.28765078,-1.84069156,6.90360005e-01,1.83285351e-04,7.95538314,6.21179165,5,5.510375176698693
7.12367666e+08,2.57965311,-9.74596828e-08,3.53200327,2.26011310,-1.84069159,6.90359717e-01,1.83284545e-04,7.95541777,6.21202707,5,5.5106668463574735
7.12368456e+08,2.57959621,-6.41443259e-08,3.53621599,2.23245101,-1.84069160,6.90359584e-01,1.83284174e-04,7.95552858,6.21245887,5,5.511055411332915
7.12369943e+08,2.57952765,-4.00861459e-08,3.54039784,2.20483036,-1.84069161,6.90359544e-01,1.83284063e-04,7.95583700,6.21345460,5,5.511786798824665
7.12371423e+08,2.57947861,-2.82221348e-08,3.54449035,2.17730839,-1.84069161,6.90359542e-01,1.83284056e-04,7.95619440,6.21454010,5,5.512514743335619
7.12372379e+08,2.57945760,-1.94707741e-08,3.54856499,2.14980536,-1.84069161,6.90359542e-01,1.83284056e-04,7.95643535,6.21526092,5,5.512984956141343
7.12375403e+08,2.57941778,-1.19176856e-08,3.55211806,2.12642446,-1.84069161,6.90359542e-01,1.83284056e-04,7.95727093,6.21768530,5,5.514472323844807
7.12380561e+08,2.57934120,-1.77492723e-08,3.54805716,2.15389817,-1.84069161,6.90359542e-01,1.83284056e-04,7.95882674,6.22209269,5,5.517009308836361
7.12389559e+08,2.57914562,-2.51753158e-08,3.54395258,2.18139154,-1.84069161,6.90359542e-01,1.83284056e-04,7.96129602,6.22944444,5,5.521435014721202
7.12396916e+08,2.57890851,-3.66963071e-08,3.53979992,2.20896799,-1.84069161,6.90359542e-01,1.83284056e-04,7.96302356,6.23502105,5,5.525053587536803
7.12404364e+08,2.57856424,-5.37970497e-08,3.53568460,2.23650481,-1.84069161,6.90359542e-01,1.83284056e-04,7.96447928,6.24021301,5,5.52871691910274
7.12411281e+08,2.57809452,-7.70684368e-08,3.53152300,2.26410117,-1.84069161,6.90359542e-01,1.83284056e-04,7.96555579,6.24459712,5,5.532119075982651
7.12422858e+08,2.57694547,-1.17440976e-07,3.52748638,2.29070856,-1.84069159,6.90359542e-01,1.83280420e-04,7.96682049,6.25107275,5,5.53781327436327
7.12454603e+08,2.57184970,-1.83465766e-07,3.52334383,2.31772083,-1.84069158,6.90359542e-01,1.83280045e-04,7.96747147,6.26419602,5,5.553427192268836
7.12462245e+08,2.57051910,-1.26151080e-07,3.52743925,2.29039453,-1.84069158,6.90359542e-01,1.83280045e-04,7.96486897,6.26236298,5,5.557185943588236
7.12462333e+08,2.57050878,-9.17040909e-08,3.53095624,2.26723337,-1.84069158,6.90359542e-01,1.83280045e-04,7.94692510,6.22970026,5,5.557229226775373
7.12462362e+08,2.57050661,-6.35424553e-08,3.53508883,2.23967401,-1.84069158,6.90359542e-01,1.83280045e-04,7.94647905,6.22889715,5,5.557243490552953
7.12462388e+08,2.57050528,-4.37138623e-08,3.53920706,2.21212824,-1.84069158,6.90359542e-01,1.83280045e-04,7.94631509,6.22860625,5,5.557256278767334
7.12462414e+08,2.57050437,-2.99400279e-08,3.54339120,2.18450278,-1.84069158,6.90359542e-01,1.83280045e-04,7.94624994,6.22849507,5,5.557269066981716
7.12462443e+08,2.57050369,-2.01800472e-08,3.54744850,2.15702084,-1.84069158,6.90359542e-01,1.83280045e-04,7.94624174,6.22848821,5,5.5572833307592955
7.12462503e+08,2.57050268,-1.70430889e-08,3.54729178,2.15823332,-1.84069158,6.90359543e-01,1.83278438e-04,7.94634842,6.22869907,5,5.5573128420232525
7.12462534e+08,2.57050202,-2.30998571e-08,3.54316089,2.18580547,-1.84069156,6.90359544e-01,1.83272299e-04,7.94644111,6.22887641,5,5.557328089509631
7.12462558e+08,2.57050128,-3.12919067e-08,3.53906466,2.21333773,-1.84069155,6.90359545e-01,1.83268590e-04,7.94652550,6.22903687,5,5.557339894015214
7.12462581e+08,2.57050031,-4.70035150e-08,3.53489755,2.24095073,-1.84069154,6.90359545e-01,1.83265917e-04,7.94660663,6.22919077,5,5.5573512066663975
7.12462602e+08,2.57049889,-7.25368444e-08,3.53077598,2.26851224,-1.84069153,6.90359545e-01,1.83265628e-04,7.94668591,6.22934086,5,5.557361535608783
7.12462622e+08,2.57049684,-1.09707007e-07,3.52661928,2.29611369,-1.84069153,6.90359545e-01,1.83265359e-04,7.94676563,6.22949167,5,5.557371372696769
7.12462643e+08,2.57049375,-1.64212277e-07,3.52243539,2.32374604,-1.84069152,6.90359544e-01,1.83264807e-04,7.94684769,6.22964679,5,5.557381701639154
7.12462664e+08,2.57048901,-2.35450068e-07,3.51821556,2.35141878,-1.84069150,6.90359543e-01,1.83263806e-04,7.94693503,6.22981181,5,5.557392030581539
7.12462688e+08,2.57048120,-3.53343213e-07,3.51401271,2.37906972,-1.84069146,6.90359540e-01,1.83262185e-04,7.94703223,6.22999539,5,5.557403835087122
7.12462717e+08,2.57046725,-5.35342325e-07,3.50971261,2.40683172,-1.84069140,6.90359529e-01,1.83259700e-04,7.94714622,6.23021082,5,5.5574180988647015
7.12462756e+08,2.57043864,-7.92048177e-07,3.50540591,2.43460080,-1.84069133,6.90359485e-01,1.83255957e-04,7.94729808,6.23049822,5,5.5574372811862744
7.12462829e+08,2.57035659,-1.28291137e-06,3.50099896,2.46247901,-1.84069124,6.90359248e-01,1.83249562e-04,7.94754991,6.23097723,5,5.557473186557423
7.12463088e+08,2.56996346,-1.33181738e-06,3.50222910,2.45435695,-1.84069136,6.90356445e-01,1.83236670e-04,7.94777748,6.23146597,5,5.5576005768468395
7.12463207e+08,2.56983222,-9.86157984e-07,3.50652680,2.42660072,-1.84069145,6.90354969e-01,1.83234103e-04,7.94745611,6.23091548,5,5.557659107520355
7.12463318e+08,2.56974604,-7.07648805e-07,3.51073659,2.39894268,-1.84069150,6.90353896e-01,1.83232621e-04,7.94716982,6.23042662,5,5.557713703358677
7.12463455e+08,2.56967552,-4.51271709e-07,3.51500579,2.37122725,-1.84069156,6.90352848e-01,1.83231395e-04,7.94696929,6.23010073,5,5.55778108741138
7.12463769e+08,2.56957544,-2.75146000e-07,3.51937975,2.34338766,-1.84069167,6.90350406e-01,1.83228989e-04,7.94693761,6.23013238,5,5.557935529692759
7.12464444e+08,2.56941746,-2.05362990e-07,3.52351734,2.31581159,-1.84069189,6.90345799e-01,1.83224648e-04,7.94716506,6.23073867,5,5.558267531412281
7.12464977e+08,2.56933218,-1.46572204e-07,3.52758471,2.28831997,-1.84069196,6.90344171e-01,1.83223117e-04,7.94725398,6.23105301,5,5.558529689807105
7.12465640e+08,2.56926010,-9.78287527e-08,3.53183364,2.26062109,-1.84069200,6.90343362e-01,1.83222355e-04,7.94739107,6.23149203,5,5.558855789273836
7.12466672e+08,2.56918708,-6.15768312e-08,3.53599517,2.23302035,-1.84069202,6.90342993e-01,1.83222008e-04,7.94766091,6.23227993,5,5.559363383013906
7.12468198e+08,2.56911161,-4.37381674e-08,3.54009656,2.20548689,-1.84069202,6.90342926e-01,1.83221945e-04,7.94811932,6.23355627,5,5.560113952827228
7.12469041e+08,2.56908319,-2.89273237e-08,3.54421645,2.17793147,-1.84069202,6.90342922e-01,1.83221942e-04,7.94838104,6.23427837,5,5.560528586085833
7.12470448e+08,2.56905347,-1.83217594e-08,3.54840936,2.15029278,-1.84069202,6.90342922e-01,1.83221941e-04,7.94883580,6.23551895,5,5.561220625225638
7.12474643e+08,2.56897531,-2.27543253e-08,3.54523905,2.17189559,-1.84069202,6.90342922e-01,1.83221941e-04,7.95034258,6.23951371,5,5.563283954430673
7.12482006e+08,2.56876629,-3.30459601e-08,3.54112566,2.19938924,-1.84069202,6.90342922e-01,1.83221941e-04,7.95280248,6.24627238,5,5.566905478372671
7.12488590e+08,2.56849188,-4.85958206e-08,3.53697184,2.22696587,-1.84069202,6.90342922e-01,1.83221941e-04,7.95468738,6.25182501,5,5.570143847737617
7.12495272e+08,2.56808334,-7.20925724e-08,3.53283724,2.25452170,-1.84069202,6.90342922e-01,1.83221941e-04,7.95632213,6.25702631,5,5.573430418833695
7.12501375e+08,2.56754059,-1.00760000e-07,3.52867934,2.28211429,-1.84069198,6.90342923e-01,1.83211449e-04,7.95751280,6.26128242,5,5.576432206232582
7.12512459e+08,2.56604063,-1.58556059e-07,3.52450031,2.30971549,-1.84069191,6.90342925e-01,1.83198847e-04,7.95906512,6.26801411,5,5.5818839203943496
7.12534273e+08,2.56156112,-2.42274421e-07,3.52023019,2.33737338,-1.84069191,6.90342925e-01,1.83198846e-04,7.96047547,6.27858284,5,5.5926132322605335
7.12557706e+08,2.55551860,-2.05002966e-07,3.52222292,2.32338511,-1.84069191,6.90342925e-01,1.83198846e-04,7.95871786,6.28422030,5,5.604138856399174
7.12557976e+08,2.55546671,-1.48452419e-07,3.52572064,2.30044173,-1.84069191,6.90342925e-01,1.83198846e-04,7.93964793,6.24952055,5,5.604271657086983
7.12558002e+08,2.55546356,-1.01824277e-07,3.52990566,2.27283861,-1.84069191,6.90342925e-01,1.83198846e-04,7.93900103,6.24834959,5,5.6042844453013645
7.12558024e+08,2.55546167,-6.97475503e-08,3.53403777,2.24528291,-1.84069191,6.90342925e-01,1.83198846e-04,7.93875787,6.24791298,5,5.604295266098148
7.12558047e+08,2.55546039,-4.78101602e-08,3.53822251,2.21765429,-1.84069191,6.90342925e-01,1.83198846e-04,7.93863942,6.24770348,5,5.604306578749332
7.12558071e+08,2.55545946,-3.27553797e-08,3.54228938,2.19015753,-1.84069191,6.90342925e-01,1.83198846e-04,7.93858592,6.24761271,5,5.604318383254915
7.12558123e+08,2.55545820,-2.22011076e-08,3.54502070,2.17180680,-1.84069191,6.90342925e-01,1.83198845e-04,7.93860847,6.24766799,5,5.604343959683678
7.12558158e+08,2.55545726,-2.93841563e-08,3.54094164,2.19931902,-1.84069191,6.90342925e-01,1.83197355e-04,7.93868728,6.24782139,5,5.604361174587654
7.12558184e+08,2.55545630,-4.02997079e-08,3.53681157,2.22689021,-1.84069191,6.90342925e-01,1.83195431e-04,7.93876000,6.24796084,5,5.604373962802035
7.12558206e+08,2.55545509,-5.75830253e-08,3.53267686,2.25446667,-1.84069190,6.90342926e-01,1.83194037e-04,7.93883096,6.24809616,5,5.60438478359882
7.12558226e+08,2.55545344,-8.78253338e-08,3.52853339,2.28205315,-1.84069190,6.90342926e-01,1.83193256e-04,7.93890109,6.24822962,5,5.604394620686806
7.12558246e+08,2.55545097,-1.33770985e-07,3.52435478,2.30967968,-1.84069189,6.90342926e-01,1.83193035e-04,7.93897200,6.24836430,5,5.604404457774792
7.12558266e+08,2.55544730,-2.00920627e-07,3.52015921,2.33732535,-1.84069189,6.90342925e-01,1.83192676e-04,7.93904520,6.24850317,5,5.604414294862778
7.12558287e+08,2.55544160,-2.95334526e-07,3.51595346,2.36498249,-1.84069187,6.90342925e-01,1.83191985e-04,7.93912311,6.24865084,5,5.604424623805163
7.12558310e+08,2.55543270,-4.19812296e-07,3.51171999,2.39267049,-1.84069185,6.90342923e-01,1.83190771e-04,7.93920920,6.24881402,5,5.604435936456347
7.12558337e+08,2.55541680,-6.38432465e-07,3.50739377,2.42046038,-1.84069180,6.90342915e-01,1.83188721e-04,7.93931000,6.24900504,5,5.604449216525127
7.12558372e+08,2.55538490,-9.87137113e-07,3.50304132,2.44827995,-1.84069173,6.90342878e-01,1.83185395e-04,7.93944066,6.24925311,5,5.604466431429103
7.12558439e+08,2.55529271,-1.52904903e-06,3.49862949,2.47616366,-1.84069165,6.90342576e-01,1.83179103e-04,7.93965490,6.24966207,5,5.604499385673855
7.12558709e+08,2.55476224,-1.84806154e-06,3.49854936,2.47609208,-1.84069194,6.90332884e-01,1.83162157e-04,7.93979251,6.24998864,5,5.604632186361664
7.12558830e+08,2.55457684,-1.37947405e-06,3.50293317,2.44824130,-1.84069213,6.90325029e-01,1.83157675e-04,7.93948593,6.24946412,5,5.604691700743979
7.12558948e+08,2.55445117,-9.77716539e-07,3.50724132,2.42047065,-1.84069225,6.90318310e-01,1.83154578e-04,7.93923678,6.24904342,5,5.604749739563095
7.12559105e+08,2.55434082,-6.11391872e-07,3.51146955,2.39279712,-1.84069232,6.90311369e-01,1.83151742e-04,7.93906057,6.24876629,5,5.604826960703784
7.12559515e+08,2.55416135,-3.83077139e-07,3.51586952,2.36493615,-1.84069240,6.90293626e-01,1.83145382e-04,7.93906443,6.24888748,5,5.605028621007495
7.12560079e+08,2.55398168,-2.84724418e-07,3.52005803,2.33730036,-1.84069244,6.90272304e-01,1.83137981e-04,7.93919569,6.24928392,5,5.605306026888696
7.12560624e+08,2.55386133,-2.01675434e-07,3.52417035,2.30975315,-1.84069247,6.90261577e-01,1.83134261e-04,7.93929386,6.24961511,5,5.605574087536311
7.12561292e+08,2.55376124,-1.32135073e-07,3.52838115,2.28209945,-1.84069248,6.90255314e-01,1.83132090e-04,7.93944746,6.25008236,5,5.605902646275039
7.12562635e+08,2.55363569,-8.07464192e-08,3.53258950,2.25444876,-1.84069249,6.90251867e-01,1.83130895e-04,7.93985208,6.25119781,5,5.60656320673329
7.12564145e+08,2.55353254,-5.60629840e-08,3.53671928,2.22688690,-1.84069249,6.90251462e-01,1.83130755e-04,7.94037948,6.25258826,5,5.607305906876223
7.12564831e+08,2.55350187,-3.94637223e-08,3.54086184,2.19931466,-1.84069249,6.90251444e-01,1.83130749e-04,7.94062828,6.25323800,5,5.607643318994138
7.12567417e+08,2.55342820,-2.89126967e-08,3.54265340,2.18768641,-1.84069249,6.90251438e-01,1.83130747e-04,7.94161661,6.25578757,5,5.608915254470711
7.12570468e+08,2.55331385,-4.30314805e-08,3.53851090,2.21526238,-1.84069249,6.90251438e-01,1.83130747e-04,7.94285577,6.25894680,5,5.610415902242955
7.12578096e+08,2.55289600,-6.32869915e-08,3.53437122,2.24273525,-1.84069249,6.90251438e-01,1.83130747e-04,7.94565642,6.26638632,5,5.6141677676007635
7.12586690e+08,2.55225217,-8.75920689e-08,3.53023907,2.27026298,-1.84069249,6.90251438e-01,1.83130747e-04,7.94821561,6.27381117,5,5.618394764308291
7.12593677e+08,2.55145346,-1.32541153e-07,3.52609763,2.29782162,-1.84069249,6.90251438e-01,1.83130747e-04,7.94971930,6.27888026,5,5.621831350996152
7.12603310e+08,2.54979489,-2.00184878e-07,3.52186504,2.32548688,-1.84069249,6.90251438e-01,1.83130747e-04,7.95124291,6.28496668,5,5.6265693844245455
7.12622965e+08,2.54472389,-3.02922936e-07,3.51755725,2.35319472,-1.84069249,6.90251438e-01,1.83130747e-04,7.95296670,6.29513174,5,5.636236782642655
7.12651890e+08,2.53482492,-3.00702575e-07,3.51822965,2.34754607,-1.84069249,6.90251438e-01,1.83130747e-04,7.95171519,6.30353703,5,5.650463671142214
7.12652476e+08,2.53466539,-2.10606989e-07,3.52175970,2.32435641,-1.84069249,6.90251438e-01,1.83130747e-04,7.93326526,6.27003335,5,5.6507518978202
7.12652501e+08,2.53466104,-1.44613586e-07,3.52593620,2.29675567,-1.84069249,6.90251438e-01,1.83130747e-04,7.93242484,6.26850717,5,5.650764194180182
7.12652521e+08,2.53465857,-9.91083269e-08,3.53013692,2.26911816,-1.84069249,6.90251438e-01,1.83130747e-04,7.93214284,6.26799851,5,5.650774031268168
7.12652542e+08,2.53465693,-6.80593007e-08,3.53428051,2.24154668,-1.84069249,6.90251438e-01,1.83130747e-04,7.93200624,6.26775493,5,5.650784360210553
7.12652564e+08,2.53465574,-4.66495934e-08,3.53844638,2.21394408,-1.84069249,6.90251438e-01,1.83130747e-04,7.93193902,6.26763825,5,5.650795181007338
7.12652604e+08,2.53465434,-2.94779317e-08,3.54237033,2.18741019,-1.84069249,6.90251438e-01,1.83130747e-04,7.93192997,6.26763275,5,5.6508148551833095
7.12652645e+08,2.53465298,-3.77386562e-08,3.53828209,2.21493283,-1.84069248,6.90251439e-01,1.83128508e-04,7.93200680,6.26778404,5,5.65083502121368
7.12652669e+08,2.53465181,-5.20791908e-08,3.53416117,2.24249357,-1.84069248,6.90251440e-01,1.83125672e-04,7.93207548,6.26791599,5,5.650846825719263
7.12652690e+08,2.53465032,-7.63640047e-08,3.53002010,2.27007725,-1.84069247,6.90251440e-01,1.83123299e-04,7.93214293,6.26804485,5,5.650857154661648
7.12652710e+08,2.53464829,-1.13142034e-07,3.52587288,2.29766764,-1.84069246,6.90251440e-01,1.83122111e-04,7.93221023,6.26817300,5,5.650866991749634
7.12652729e+08,2.53464532,-1.70179976e-07,3.52167192,2.32531936,-1.84069246,6.90251440e-01,1.83121968e-04,7.93227879,6.26830319,5,5.650876336983221
7.12652748e+08,2.53464090,-2.54732556e-07,3.51746901,2.35297320,-1.84069246,6.90251440e-01,1.83121815e-04,7.93234981,6.26843801,5,5.650885682216807
7.12652767e+08,2.53463412,-3.61682612e-07,3.51325928,2.38063481,-1.84069245,6.90251440e-01,1.83121445e-04,7.93242616,6.26858276,5,5.650895027450394
7.12652789e+08,2.53462347,-5.48370945e-07,3.50896304,2.40839147,-1.84069244,6.90251439e-01,1.83120716e-04,7.93251020,6.26874204,5,5.650905848247178
7.12652814e+08,2.53460414,-8.21303416e-07,3.50462760,2.43619239,-1.84069241,6.90251434e-01,1.83119250e-04,7.93260952,6.26893031,5,5.650918144607161
7.12652850e+08,2.53456446,-1.21820040e-06,3.50023615,2.46405429,-1.84069235,6.90251406e-01,1.83116413e-04,7.93274286,6.26918333,5,5.650935851365535
7.12652917e+08,2.53444813,-1.93050784e-06,3.49580365,2.49195960,-1.84069227,6.90251096e-01,1.83110315e-04,7.93296722,6.26961137,5,5.6509688056102885
7.12653187e+08,2.53377760,-2.32970013e-06,3.49581535,2.49129042,-1.84069212,6.90237800e-01,1.83092019e-04,7.93311984,6.26996522,5,5.651101606298097
7.12653302e+08,2.53355401,-1.73635807e-06,3.50024563,2.46338778,-1.84068913,6.90226501e-01,1.83086657e-04,7.93287277,6.26954670,5,5.651158169554016
7.12653421e+08,2.53339615,-1.21484644e-06,3.50453168,2.43564373,-1.84068259,6.90216218e-01,1.83082641e-04,7.93268631,6.26923951,5,5.651216700227532
7.12653593e+08,2.53324760,-7.50420189e-07,3.50889191,2.40781850,-1.84067008,6.90204722e-01,1.83078612e-04,7.93258091,6.26909487,5,5.65130129918421
7.12654041e+08,2.53299791,-4.91158711e-07,3.51317686,2.38007809,-1.84061253,6.90173184e-01,1.83068767e-04,7.93269859,6.26943383,5,5.651521649955094
7.12654526e+08,2.53280275,-3.61840893e-07,3.51742295,2.35237663,-1.84054511,6.90139745e-01,1.83058618e-04,7.93284685,6.26983929,5,5.651760199338751
7.12655043e+08,2.53265913,-2.53970511e-07,3.52165637,2.32468869,-1.84050830,6.90121574e-01,1.83053111e-04,7.93298912,6.27024306,5,5.652014488063186
7.12655702e+08,2.53253560,-1.64132203e-07,3.52582423,2.29708095,-1.84048403,6.90109593e-01,1.83049480e-04,7.93319823,6.27080878,5,5.65233862011232
7.12657705e+08,2.53230492,-9.77858142e-08,3.53000185,2.26947537,-1.84046724,6.90101308e-01,1.83046970e-04,7.93396815,6.27277861,5,5.6533238044741045
7.12658463e+08,2.53224177,-7.04857525e-08,3.53413171,2.24191159,-1.84046680,6.90101088e-01,1.83046903e-04,7.93428907,6.27357967,5,5.653696630108769
7.12659190e+08,2.53220238,-4.74248931e-08,3.53827117,2.21433579,-1.84046669,6.90101038e-01,1.83046888e-04,7.93459030,6.27433773,5,5.654054208257055
7.12661629e+08,2.53209058,-5.49608550e-08,3.53544654,2.23360815,-1.84046666,6.90101022e-01,1.83046883e-04,7.93566479,6.27700476,5,5.655253841136931
7.12665902e+08,2.53179457,-8.31076417e-08,3.53129784,2.26117968,-1.84046666,6.90101022e-01,1.83046883e-04,7.93750986,6.28164256,5,5.657355534985111
7.12675597e+08,2.53081460,-1.14970381e-07,3.52767369,2.28509891,-1.84046666,6.90101022e-01,1.83046883e-04,7.94106533,6.29115597,5,5.66212406338626
7.12682305e+08,2.52986559,-1.65174484e-07,3.52347965,2.31272289,-1.84046666,6.90101022e-01,1.83046883e-04,7.94287219,6.29664565,5,5.66542342269672
7.12690113e+08,2.52818390,-2.49488580e-07,3.51926207,2.34037504,-1.84046666,6.90101022e-01,1.83046883e-04,7.94430999,6.30189936,5,5.6692638218464015
7.12707118e+08,2.52267363,-3.83255950e-07,3.51492131,2.36812840,-1.84046666,6.90101022e-01,1.83046883e-04,7.94627312,6.31142596,5,5.6776278059063845
7.12740890e+08,2.50714138,-4.74246319e-07,3.51288574,2.37934029,-1.84046666,6.90101022e-01,1.83046883e-04,7.94640146,6.32399613,5,5.694238712679318
7.12742411e+08,2.50649600,-3.33769491e-07,3.51646776,2.35613359,-1.84046666,6.90101022e-01,1.83046883e-04,7.92869985,6.29215347,5,5.694986823220643
7.12742436e+08,2.50648876,-2.30344183e-07,3.52069935,2.32847449,-1.84046666,6.90101022e-01,1.83046883e-04,7.92725655,6.28952336,5,5.6949991195806255
7.12742455e+08,2.50648528,-1.59827040e-07,3.52486193,2.30087483,-1.84046666,6.90101022e-01,1.83046883e-04,7.92686033,6.28880428,5,5.695008464814212
7.12742473e+08,2.50648298,-1.09826159e-07,3.52903593,2.27325903,-1.84046666,6.90101022e-01,1.83046883e-04,7.92664960,6.28842434,5,5.695017318193399
7.12742491e+08,2.50648133,-7.47230686e-08,3.53323648,2.24561150,-1.84046666,6.90101022e-01,1.83046883e-04,7.92652189,6.28819617,5,5.695026171572587
7.12742515e+08,2.50647996,-5.01189811e-08,3.53732073,2.21809559,-1.84046666,6.90101022e-01,1.83046883e-04,7.92644089,6.28805456,5,5.6950379760781695
7.12742565e+08,2.50647767,-5.07592342e-08,3.53521623,2.23220932,-1.84046666,6.90101022e-01,1.83046169e-04,7.92642283,6.28803541,5,5.695062568798134
7.12742589e+08,2.50647613,-6.76464062e-08,3.53110750,2.25975600,-1.84046665,6.90101022e-01,1.83043579e-04,7.92645662,6.28810379,5,5.695074373303717
7.12742610e+08,2.50647431,-9.26659433e-08,3.52696299,2.28734376,-1.84046665,6.90101023e-01,1.83041613e-04,7.92649668,6.28818261,5,5.695084702246103
7.12742629e+08,2.50647176,-1.43457469e-07,3.52280884,2.31494251,-1.84046664,6.90101023e-01,1.83040287e-04,7.92653941,6.28826588,5,5.695094047479689
7.12742647e+08,2.50646809,-2.18562631e-07,3.51859219,2.34261182,-1.84046664,6.90101023e-01,1.83039966e-04,7.92658459,6.28835346,5,5.695102900858876
7.12742666e+08,2.50646250,-3.29873104e-07,3.51434747,2.37031267,-1.84046664,6.90101023e-01,1.83039846e-04,7.92663299,6.28844694,5,5.695112246092463
7.12742685e+08,2.50645383,-4.82431477e-07,3.51007445,2.39804500,-1.84046664,6.90101023e-01,1.83039637e-04,7.92668586,6.28854885,5,5.69512159132605
7.12742706e+08,2.50643997,-6.98514661e-07,3.50576615,2.42581627,-1.84046663,6.90101023e-01,1.83039208e-04,7.92674559,6.28866382,5,5.695131920268435
7.12742732e+08,2.50641442,-1.09361919e-06,3.50138705,2.45366408,-1.84046661,6.90101020e-01,1.83038230e-04,7.92681684,6.28880103,5,5.695144708482816
7.12742770e+08,2.50635780,-1.62741226e-06,3.49696576,2.48155775,-1.84046656,6.90100997e-01,1.83035835e-04,7.92691574,6.28899204,5,5.6951633989499895
7.12742843e+08,2.50619261,-2.54097587e-06,3.49245381,2.50954708,-1.84046648,6.90100621e-01,1.83029644e-04,7.92705982,6.28927544,5,5.695199304321138
7.12743095e+08,2.50539584,-2.98549465e-06,3.49284043,2.50619798,-1.84046320,6.90083155e-01,1.83010576e-04,7.92685661,6.28897397,5,5.69532325162976
7.12743220e+08,2.50509117,-2.24515189e-06,3.49723991,2.47832771,-1.84043916,6.90066784e-01,1.83003643e-04,7.92658271,6.28850796,5,5.695384733429671
7.12743359e+08,2.50486049,-1.48191537e-06,3.50172759,2.45036364,-1.84038453,6.90050582e-01,1.82997921e-04,7.92639046,6.28819477,5,5.695453101191173
7.12743599e+08,2.50460662,-9.04880403e-07,3.50603980,2.42258921,-1.84025170,6.90029103e-01,1.82991105e-04,7.92628613,6.28806998,5,5.695571146247003
7.12744085e+08,2.50425602,-6.38270427e-07,3.51031332,2.39486234,-1.83980389,6.89985482e-01,1.82978451e-04,7.92636649,6.28834989,5,5.69581018748506
7.12744567e+08,2.50401088,-4.60143757e-07,3.51449095,2.36724211,-1.83939865,6.89949418e-01,1.82968189e-04,7.92646246,6.28865731,5,5.6960472613055195
7.12745125e+08,2.50381622,-3.13667589e-07,3.51876764,2.33951503,-1.83910526,6.89923487e-01,1.82960823e-04,7.92660032,6.28906269,5,5.696321716060325
7.12745934e+08,2.50363335,-2.00884745e-07,3.52298524,2.31185062,-1.83888838,6.89904322e-01,1.82955379e-04,7.92685867,6.28975764,5,5.696719626269354
7.12748089e+08,2.50330386,-1.22918893e-07,3.52723446,2.28416128,-1.83875559,6.89892583e-01,1.82952045e-04,7.92772631,6.29194346,5,5.69777957249983
7.12748645e+08,2.50324639,-8.99814585e-08,3.53136662,2.25658983,-1.83875269,6.89892328e-01,1.82951973e-04,7.92797003,6.29254519,5,5.698053043545837
7.12750485e+08,2.50312544,-6.50813801e-08,3.53319174,2.24476544,-1.83875083,6.89892163e-01,1.82951926e-04,7.92878043,6.29454834,5,5.698958055640537
7.12753706e+08,2.50284851,-9.79469887e-08,3.52902450,2.27236079,-1.83875076,6.89892157e-01,1.82951924e-04,7.93026803,6.29819998,5,5.700542318660661
7.12762901e+08,2.50165994,-1.45019945e-07,3.52498183,2.29917187,-1.83875076,6.89892157e-01,1.82951924e-04,7.93398877,6.30778763,5,5.705064919862163
7.12770400e+08,2.50033941,-2.13009417e-07,3.52077467,2.32680196,-1.83875076,6.89892157e-01,1.82951924e-04,7.93609586,6.31402818,5,5.708753336002463
7.12776698e+08,2.49868819,-3.02431791e-07,3.51652476,2.35449476,-1.83875076,6.89892157e-01,1.82951924e-04,7.93749258,6.31865255,5,5.711851035009213
7.12793118e+08,2.49206598,-4.76457853e-07,3.51212070,2.38231368,-1.83875076,6.89892157e-01,1.82951924e-04,7.93953570,6.32798968,5,5.719927284245609
7.12819937e+08,2.47705250,-6.08899635e-07,3.50940672,2.39811187,-1.83875076,6.89892157e-01,1.82951924e-04,7.94057236,6.33941690,5,5.7331183273802555
7.12827668e+08,2.47248695,-4.45686971e-07,3.51276923,2.37588624,-1.83875076,6.89892157e-01,1.82951924e-04,7.93646555,6.33467346,5,5.736920853741192
7.12827706e+08,2.47247184,-3.26178907e-07,3.51646612,2.35174800,-1.83875076,6.89892157e-01,1.82951924e-04,7.92238104,6.30888300,5,5.736939544208365
7.12827723e+08,2.47246712,-2.24146402e-07,3.52064275,2.32413656,-1.83875076,6.89892157e-01,1.82951924e-04,7.92191422,6.30803391,5,5.736947905733153
7.12827740e+08,2.47246410,-1.54137470e-07,3.52486221,2.29648209,-1.83875076,6.89892157e-01,1.82951924e-04,7.92168399,6.30761727,5,5.736956267257941
7.12827757e+08,2.47246199,-1.06002437e-07,3.52899113,2.26891814,-1.83875076,6.89892157e-01,1.82951924e-04,7.92154845,6.30737397,5,5.736964628782729
7.12827777e+08,2.47246033,-7.22290722e-08,3.53317146,2.24129666,-1.83875076,6.89892157e-01,1.82951924e-04,7.92146359,6.30722413,5,5.736974465870715
7.12827823e+08,2.47245760,-6.23108345e-08,3.53285557,2.24362502,-1.83875076,6.89892157e-01,1.82951831e-04,7.92142807,6.30717160,5,5.736997091173082
7.12827846e+08,2.47245578,-8.39989018e-08,3.52871801,2.27120468,-1.83875075,6.89892158e-01,1.82947743e-04,7.92145949,6.30723552,5,5.737008403824266
7.12827866e+08,2.47245367,-1.15786545e-07,3.52456983,2.29879662,-1.83875074,6.89892158e-01,1.82944174e-04,7.92149817,6.30731161,5,5.737018240912252
7.12827884e+08,2.47245082,-1.66766961e-07,3.52037323,2.32644335,-1.83875073,6.89892159e-01,1.82942150e-04,7.92154122,6.30739520,5,5.73702709429144
7.12827901e+08,2.47244675,-2.59167490e-07,3.51613252,2.35413970,-1.83875072,6.89892159e-01,1.82941341e-04,7.92158666,6.30748297,5,5.737035455816227
7.12827918e+08,2.47244052,-3.94808760e-07,3.51188479,2.38184271,-1.83875072,6.89892159e-01,1.82941216e-04,7.92163551,6.30757703,5,5.737043817341015
7.12827936e+08,2.47243087,-5.79854599e-07,3.50763669,2.40954692,-1.83875072,6.89892159e-01,1.82941101e-04,7.92168911,6.30768000,5,5.737052670720203
7.12827955e+08,2.47241572,-8.28429759e-07,3.50331291,2.43733474,-1.83875072,6.89892159e-01,1.82940871e-04,7.92174994,6.30779668,5,5.737062015953789
7.12827979e+08,2.47238875,-1.25640233e-06,3.49889321,2.46522632,-1.83875071,6.89892158e-01,1.82940331e-04,7.92182230,6.30793546,5,5.737073820459372
7.12828012e+08,2.47232986,-1.96658099e-06,3.49442810,2.49316701,-1.83875068,6.89892152e-01,1.82938836e-04,7.92192321,6.30812927,5,5.737090051654549
7.12828074e+08,2.47216365,-2.99052078e-06,3.48988515,2.52118945,-1.83875060,6.89892040e-01,1.82934131e-04,7.92208201,6.30843693,5,5.737120546627305
7.12828306e+08,2.47123528,-3.90907735e-06,3.48878413,2.52671829,-1.83874947,6.89880375e-01,1.82915324e-04,7.92207503,6.30848823,5,5.737234656847941
7.12828429e+08,2.47083437,-2.97929183e-06,3.49328419,2.49874077,-1.83873578,6.89864794e-01,1.82907834e-04,7.92183255,6.30807839,5,5.737295154939054
7.12828555e+08,2.47055117,-2.01418922e-06,3.49775745,2.47079185,-1.83869624,6.89849186e-01,1.82902068e-04,7.92166384,6.30780440,5,5.7373571285933656
7.12828759e+08,2.47025634,-1.24037508e-06,3.50214678,2.44293446,-1.83859915,6.89829597e-01,1.82895714e-04,7.92157282,6.30769391,5,5.737457466890821
7.12829192e+08,2.46983430,-8.64910257e-07,3.50647305,2.41514493,-1.83823175,6.89792489e-01,1.82884877e-04,7.92165927,6.30797089,5,5.737670439845715
7.12829636e+08,2.46952729,-6.25113302e-07,3.51072484,2.38743654,-1.83775537,6.89754026e-01,1.82874083e-04,7.92177343,6.30830168,5,5.737888823199001
7.12830137e+08,2.46928994,-4.27042811e-07,3.51501239,2.35968878,-1.83737154,6.89723848e-01,1.82865657e-04,7.92192230,6.30871231,5,5.738135242253048
7.12830816e+08,2.46908001,-2.76137651e-07,3.51925707,2.33198885,-1.83706601,6.89699898e-01,1.82858975e-04,7.92216841,6.30935025,5,5.738469211390168
7.12832675e+08,2.46870075,-1.66748120e-07,3.52344275,2.30437527,-1.83679896,6.89678959e-01,1.82853133e-04,7.92299310,6.31137777,5,5.739383568718454
7.12833185e+08,2.46862910,-1.22095414e-07,3.52762931,2.27674603,-1.83678476,6.89677845e-01,1.82852822e-04,7.92323919,6.31197179,5,5.739634414462094
7.12834750e+08,2.46849141,-8.63739004e-08,3.52992712,2.26169855,-1.83677252,6.89676885e-01,1.82852555e-04,7.92399473,6.31379902,5,5.740404166596988
7.12837610e+08,2.46817162,-1.28249919e-07,3.52578923,2.28924154,-1.83677140,6.89676797e-01,1.82852530e-04,7.92544292,6.31727715,5,5.741810870178966
7.12845412e+08,2.46690089,-1.84081844e-07,3.52176229,2.31568921,-1.83677139,6.89676797e-01,1.82852530e-04,7.92890076,6.32596464,5,5.745648318202252
7.12851595e+08,2.46549705,-2.73539609e-07,3.51751428,2.34336995,-1.83677139,6.89676797e-01,1.82852530e-04,7.93064207,6.33110789,5,5.748689453953083
7.12857910e+08,2.46333516,-3.91551939e-07,3.51348599,2.36938594,-1.83677139,6.89676797e-01,1.82852523e-04,7.93205902,6.33575008,5,5.75179551448462
7.12867291e+08,2.45884580,-5.31574702e-07,3.51022855,2.38996777,-1.83677139,6.89676797e-01,1.82851891e-04,7.93368809,6.34186570,5,5.756409600604391
7.12886112e+08,2.44627930,-7.63559171e-07,3.50624366,2.41428415,-1.83677139,6.89676797e-01,1.82851891e-04,7.93551484,6.35173888,5,5.76566679225349
7.12909314e+08,2.42691508,-8.30645041e-07,3.50569796,2.41537805,-1.83677139,6.89676797e-01,1.82851891e-04,7.93538796,6.35981970,5,5.777078798025893
7.12910110e+08,2.42631460,-5.83274460e-07,3.50926778,2.39210076,-1.83677139,6.89676797e-01,1.82851891e-04,7.91834895,6.32883877,5,5.777470314127731
7.12910127e+08,2.42630610,-4.03804601e-07,3.51354602,2.36437787,-1.83677139,6.89676797e-01,1.82851891e-04,7.91749063,6.32727106,5,5.777478675652518
7.12910142e+08,2.42630138,-2.78091329e-07,3.51783264,2.33664690,-1.83677139,6.89676797e-01,1.82851891e-04,7.91714361,6.32663945,5,5.777486053468508
7.12910156e+08,2.42629815,-1.91624458e-07,3.52204177,2.30899803,-1.83677139,6.89676797e-01,1.82851891e-04,7.91693118,6.32625419,5,5.777492939430098
7.12910172e+08,2.42629578,-1.31672809e-07,3.52622570,2.28137287,-1.83677139,6.89676797e-01,1.82851891e-04,7.91678439,6.32598952,5,5.777500809100487
7.12910195e+08,2.42629346,-8.52539194e-08,3.53035362,2.25380856,-1.83677139,6.89676797e-01,1.82851891e-04,7.91665723,6.32576293,5,5.777512121751671
7.12910235e+08,2.42628990,-1.00393313e-07,3.52666218,2.27871812,-1.83677138,6.89676797e-01,1.82851193e-04,7.91658483,6.32564130,5,5.777531795927643
7.12910256e+08,2.42628729,-1.39759390e-07,3.52248120,2.30634660,-1.83677138,6.89676797e-01,1.82848561e-04,7.91658749,6.32565160,5,5.777542124870028
7.12910274e+08,2.42628406,-1.90879385e-07,3.51828330,2.33399427,-1.83677137,6.89676798e-01,1.82846567e-04,7.91660232,6.32568357,5,5.777550978249215
7.12910290e+08,2.42627942,-2.95303880e-07,3.51406462,2.36166581,-1.83677137,6.89676798e-01,1.82845445e-04,7.91662323,6.32572645,5,5.777558847919604
7.12910307e+08,2.42627259,-4.48553421e-07,3.50978863,2.38940048,-1.83677136,6.89676798e-01,1.82845148e-04,7.91664868,6.32577759,5,5.777567209444391
7.12910324e+08,2.42626210,-6.69015005e-07,3.50548794,2.41716318,-1.83677136,6.89676798e-01,1.82845064e-04,7.91667892,6.32583762,5,5.777575570969179
7.12910343e+08,2.42624522,-9.48493478e-07,3.50112783,2.44499052,-1.83677136,6.89676798e-01,1.82845015e-04,7.91671545,6.32590965,5,5.777584916202766
7.12910365e+08,2.42621553,-1.45746728e-06,3.49670211,2.47288921,-1.83677136,6.89676798e-01,1.82844843e-04,7.91676004,6.32599725,5,5.77759573699955
7.12910398e+08,2.42614850,-2.21222581e-06,3.49218122,2.50088855,-1.83677135,6.89676795e-01,1.82844064e-04,7.91682490,6.32612510,5,5.777611968194727
7.12910448e+08,2.42599999,-3.26580173e-06,3.48758953,2.52896133,-1.83677129,6.89676743e-01,1.82841289e-04,7.91690614,6.32628751,5,5.777636560914692
7.12910556e+08,2.42548652,-5.43851406e-06,3.48272119,2.55730187,-1.83677106,6.89674248e-01,1.82830806e-04,7.91695255,6.32640218,5,5.777689681189815
7.12910783e+08,2.42429566,-4.60220478e-06,3.48690659,2.53076930,-1.83671736,6.89637442e-01,1.82809347e-04,7.91660758,6.32583201,5,5.777801332138455
7.12910926e+08,2.42378361,-3.29212275e-06,3.49148814,2.50270691,-1.83656124,6.89609436e-01,1.82800082e-04,7.91643577,6.32555593,5,5.777871667317554
7.12911131e+08,2.42330469,-2.03546809e-06,3.49597042,2.47475189,-1.83620197,6.89576937e-01,1.82790507e-04,7.91633821,6.32543298,5,5.777972497469409
7.12911503e+08,2.42272335,-1.39014714e-06,3.50033964,2.44692602,-1.83544790,6.89533497e-01,1.82778425e-04,7.91635313,6.32556123,5,5.778155467305946
7.12911941e+08,2.42224537,-9.97089664e-07,3.50472477,2.41907325,-1.83444048,6.89487778e-01,1.82766048e-04,7.91642963,6.32582024,5,5.7783708995328364
7.12912440e+08,2.42186834,-6.87680672e-07,3.50902551,2.39131042,-1.83354081,6.89448985e-01,1.82755608e-04,7.91655246,6.32618090,5,5.778616334878084
7.12913032e+08,2.42156704,-4.53507734e-07,3.51330036,2.36358567,-1.83287904,6.89420694e-01,1.82748003e-04,7.91674184,6.32668918,5,5.778907512682466
7.12914354e+08,2.42115333,-2.64023840e-07,3.51759843,2.33586057,-1.83221835,6.89392450e-01,1.82740413e-04,7.91727912,6.32803605,5,5.779557744198332
7.12915550e+08,2.42087475,-1.86449892e-07,3.52174635,2.30828226,-1.83205841,6.89385607e-01,1.82738574e-04,7.91785087,6.32941452,5,5.780146002059887
7.12916110e+08,2.42079175,-1.29517058e-07,3.52587937,2.28071834,-1.83203597,6.89384647e-01,1.82738316e-04,7.91811648,6.33005752,5,5.78042144052349
7.12918485e+08,2.42051060,-1.37975988e-07,3.52405354,2.29319633,-1.83201198,6.89383620e-01,1.82738040e-04,7.91927154,6.33284432,5,5.781589594721812
7.12923696e+08,2.41959660,-2.06346328e-07,3.51987569,2.32078463,-1.83201119,6.89383586e-01,1.82738031e-04,7.92177346,6.33894668,5,5.78415264799653
7.12930757e+08,2.41789968,-2.88815953e-07,3.51560075,2.34847840,-1.83201119,6.89383586e-01,1.82738031e-04,7.92443077,6.34596539,5,5.78762563190994
7.12935986e+08,2.41597402,-4.26769129e-07,3.51130362,2.37622335,-1.83201119,6.89383586e-01,1.82738031e-04,7.92599458,6.35047951,5,5.790197538563844
7.12944763e+08,2.41106906,-6.54489096e-07,3.50703916,2.40314160,-1.83201119,6.89383586e-01,1.82738029e-04,7.92796309,6.35694485,5,5.794514544626441
7.12965532e+08,2.39350953,-9.91142493e-07,3.50231981,2.43120693,-1.83201119,6.89383586e-01,1.82738029e-04,7.93039278,6.36847304,5,5.804729868645364
7.12986750e+08,2.37054180,-1.01059155e-06,3.50225529,2.42849546,-1.83201119,6.89383586e-01,1.82738029e-04,7.93033962,6.37587432,5,5.815166035289569
7.12987343e+08,2.36998261,-7.24858873e-07,3.50586328,2.40525109,-1.83201119,6.89383586e-01,1.82738029e-04,7.91419099,6.34641751,5,5.815457704948351
7.12987359e+08,2.36997348,-5.01735320e-07,3.51016581,2.37750044,-1.83201119,6.89383586e-01,1.82738029e-04,7.91349459,6.34514421,5,5.815465574618739
7.12987372e+08,2.36996814,-3.45883013e-07,3.51446905,2.34974617,-1.83201119,6.89383586e-01,1.82738029e-04,7.91317488,6.34456144,5,5.81547196872593
7.12987385e+08,2.36996444,-2.38808551e-07,3.51872665,2.32203455,-1.83201119,6.89383586e-01,1.82738029e-04,7.91296742,6.34418453,5,5.815478362833121
7.12987399e+08,2.36996169,-1.64501404e-07,3.52290515,2.29441609,-1.83201119,6.89383586e-01,1.82738029e-04,7.91281625,6.34391123,5,5.815485248794711
7.12987432e+08,2.36995787,-1.04226403e-07,3.52642338,2.27131898,-1.83201119,6.89383586e-01,1.82738029e-04,7.91263723,6.34359168,5,5.815501479989887
7.12987459e+08,2.36995460,-1.38548162e-07,3.52227177,2.29891386,-1.83201119,6.89383586e-01,1.82738029e-04,7.91258225,6.34349815,5,5.815514760058669
7.12987477e+08,2.36995144,-1.86507866e-07,3.51810122,2.32653119,-1.83201119,6.89383586e-01,1.82738029e-04,7.91257255,6.34348529,5,5.815523613437856
7.12987493e+08,2.36994733,-2.68591641e-07,3.51388406,2.35420040,-1.83201119,6.89383586e-01,1.82738029e-04,7.91257610,6.34349620,5,5.815531483108244
7.12987509e+08,2.36994146,-4.09360540e-07,3.50961738,2.38192555,-1.83201119,6.89383586e-01,1.82738029e-04,7.91258598,6.34351856,5,5.815539352778633
7.12987524e+08,2.36993268,-6.15832939e-07,3.50528349,2.40972478,-1.83201119,6.89383586e-01,1.82738026e-04,7.91260144,6.34355117,5,5.8155467305946225
7.12987541e+08,2.36991903,-8.91012891e-07,3.50091779,2.43755882,-1.83201119,6.89383586e-01,1.82738019e-04,7.91262251,6.34359426,5,5.815555092119411
7.12987559e+08,2.36989678,-1.31258138e-06,3.49649198,2.46545700,-1.83201119,6.89383586e-01,1.82737983e-04,7.91264984,6.34364934,5,5.815563945498598
7.12987581e+08,2.36985559,-2.03565158e-06,3.49196418,2.49346124,-1.83201119,6.89383586e-01,1.82737801e-04,7.91268540,6.34372059,5,5.8155747662953825
7.12987615e+08,2.36976074,-3.03425774e-06,3.48733526,2.52157190,-1.83201117,6.89383585e-01,1.82736824e-04,7.91273998,6.34383004,5,5.815591489344958
7.12987668e+08,2.36954715,-4.47832088e-06,3.48262705,2.54976159,-1.83201109,6.89383551e-01,1.82732970e-04,7.91280552,6.34396454,5,5.815617557628121
7.12987847e+08,2.36834808,-7.28325730e-06,3.47873125,2.57141776,-1.83200984,6.89374349e-01,1.82711383e-04,7.91272996,6.34387493,5,5.815705599565594
7.12988004e+08,2.36735345,-5.76290919e-06,3.48338304,2.54328379,-1.83197441,6.89342480e-01,1.82696318e-04,7.91249826,6.34349268,5,5.815782820706283
7.12988157e+08,2.36668866,-3.89898578e-06,3.48807461,2.51510974,-1.83184472,6.89311220e-01,1.82686257e-04,7.91235778,6.34327634,5,5.815858074429375
7.12988387e+08,2.36604060,-2.44731519e-06,3.49258718,2.48712015,-1.83151385,6.89276922e-01,1.82676422e-04,7.91229169,6.34321744,5,5.815971200941212
7.12988761e+08,2.36532464,-1.71590934e-06,3.49705413,2.45918268,-1.83084365,6.89235866e-01,1.82665184e-04,7.91232943,6.34338780,5,5.816155154486548
7.12989189e+08,2.36474955,-1.22377487e-06,3.50141338,2.43135674,-1.82998877,6.89196413e-01,1.82654594e-04,7.91241664,6.34366382,5,5.816365668169446
7.12989681e+08,2.36429557,-8.36029354e-07,3.50577465,2.40352784,-1.82922296,6.89163543e-01,1.82645812e-04,7.91255254,6.34404673,5,5.816607660533898
7.12990262e+08,2.36393401,-5.50944925e-07,3.51008923,2.37575164,-1.82868454,6.89140771e-01,1.82639735e-04,7.91275241,6.34457129,5,5.816893427939887
7.12991809e+08,2.36335010,-3.21202826e-07,3.51435715,2.34803676,-1.82806616,6.89114668e-01,1.82632770e-04,7.91341848,6.34621747,5,5.817654326695594
7.12992488e+08,2.36316165,-2.32885094e-07,3.51856880,2.32038236,-1.82797661,6.89110886e-01,1.82631761e-04,7.91375293,6.34701871,5,5.8179882958327145
7.12993207e+08,2.36303585,-1.52203373e-07,3.52279189,2.29271596,-1.82793165,6.89108987e-01,1.82631255e-04,7.91410812,6.34787052,5,5.818341939145807
7.12996018e+08,2.36256850,-1.99566708e-07,3.51927665,2.31603302,-1.82788875,6.89107174e-01,1.82630771e-04,7.91552697,6.35126750,5,5.81972454186222
7.13002557e+08,2.36095500,-2.82528463e-07,3.51529949,2.34188079,-1.82788743,6.89107119e-01,1.82630756e-04,7.91857370,6.35877792,5,5.822940777779198
7.13006790e+08,2.35950260,-4.01945350e-07,3.51099331,2.36963574,-1.82788743,6.89107119e-01,1.82630150e-04,7.92026944,6.36318084,5,5.825022797451407
7.13011400e+08,2.35711739,-5.99374390e-07,3.50664017,2.39744465,-1.82788736,6.89107120e-01,1.82616005e-04,7.92179570,6.36742676,5,5.827290246232149
7.13021552e+08,2.34910157,-9.30315467e-07,3.50210388,2.42542343,-1.82788735,6.89107121e-01,1.82613869e-04,7.92403543,6.37483190,5,5.8322835520937755
7.13049573e+08,2.31494162,-1.41631045e-06,3.49697489,2.45341965,-1.82788735,6.89107121e-01,1.82613869e-04,7.92635079,6.38862046,5,5.846065804216373
7.13059225e+08,2.30117832,-1.10833760e-06,3.49968909,2.43460321,-1.82788735,6.89107121e-01,1.82613869e-04,7.92050395,6.38123329,5,5.850813182878351
7.13059253e+08,2.30115024,-7.98068116e-07,3.50366411,2.40911813,-1.82788735,6.89107121e-01,1.82613869e-04,7.91026385,6.36242445,5,5.850826954801532
7.13059266e+08,2.30114197,-5.49314584e-07,3.50798629,2.38134264,-1.82788735,6.89107121e-01,1.82613869e-04,7.90980121,6.36157840,5,5.850833348908723
7.13059278e+08,2.30113662,-3.78062975e-07,3.51227837,2.35361064,-1.82788735,6.89107121e-01,1.82613869e-04,7.90954659,6.36111414,5,5.850839251161514
7.13059290e+08,2.30113283,-2.60136593e-07,3.51655242,2.32588691,-1.82788735,6.89107121e-01,1.82613869e-04,7.90938058,6.36081271,5,5.850845153414306
7.13059305e+08,2.30112985,-1.77218527e-07,3.52075811,2.29823525,-1.82788735,6.89107121e-01,1.82613869e-04,7.90926136,6.36059773,5,5.850852531230295
7.13059340e+08,2.30112485,-1.44485768e-07,3.52122830,2.29557625,-1.82788735,6.89107121e-01,1.82613869e-04,7.90914473,6.36039310,5,5.85086974613427
7.13059359e+08,2.30112146,-1.97211361e-07,3.51700832,2.32324940,-1.82788735,6.89107121e-01,1.82613767e-04,7.90913840,6.36038659,5,5.850879091367857
7.13059375e+08,2.30111749,-2.75301624e-07,3.51279848,2.35091112,-1.82788734,6.89107121e-01,1.82612208e-04,7.90914906,6.36041037,5,5.8508869610382455
7.13059389e+08,2.30111204,-4.08954439e-07,3.50852199,2.37864725,-1.82788733,6.89107121e-01,1.82610533e-04,7.90916703,6.36044731,5,5.850893846999836
7.13059403e+08,2.30110416,-6.08359007e-07,3.50418394,2.40645107,-1.82788732,6.89107121e-01,1.82609276e-04,7.90919061,6.36049445,5,5.850900732961426
7.13059418e+08,2.30109219,-9.06916509e-07,3.49983865,2.43426258,-1.82788732,6.89107121e-01,1.82608915e-04,7.90921940,6.36055125,5,5.850908110777415
7.13059434e+08,2.30107298,-1.28281497e-06,3.49536525,2.46221019,-1.82788732,6.89107121e-01,1.82608730e-04,7.90925510,6.36062103,5,5.8509159804478035
7.13059451e+08,2.30104146,-1.98093159e-06,3.49088368,2.49016492,-1.82788732,6.89107121e-01,1.82608645e-04,7.90929772,6.36070408,5,5.850924341972592
7.13059474e+08,2.30097886,-2.95400726e-06,3.48622881,2.51830151,-1.82788732,6.89107121e-01,1.82608519e-04,7.90935574,6.36081687,5,5.850935654623775
7.13059510e+08,2.30083320,-4.38269837e-06,3.48144649,2.54656549,-1.82788731,6.89107121e-01,1.82607750e-04,7.90944449,6.36098971,5,5.8509533613821505
7.13059566e+08,2.30049243,-7.00748607e-06,3.47651626,2.57496674,-1.82788723,6.89107098e-01,1.82603907e-04,7.90955635,6.36121053,5,5.850980905228511
7.13059749e+08,2.29879984,-9.66475175e-06,3.47376852,2.58870177,-1.82788584,6.89094845e-01,1.82580825e-04,7.90950749,6.36117064,5,5.851070914583581
7.13059877e+08,2.29775411,-7.38971520e-06,3.47864196,2.56035196,-1.82785113,6.89064770e-01,1.82568204e-04,7.90928897,6.36080422,5,5.851133871946691
7.13060006e+08,2.29702282,-5.03232334e-06,3.48343716,2.53207541,-1.82771515,6.89034346e-01,1.82558816e-04,7.90914740,6.36057960,5,5.8511973211642
7.13060219e+08,2.29625161,-3.15244691e-06,3.48809122,2.50394001,-1.82728958,6.88993776e-01,1.82547460e-04,7.90907671,6.36050770,5,5.851302086151249
7.13060583e+08,2.29534192,-2.22155354e-06,3.49262112,2.47593352,-1.82632340,6.88938963e-01,1.82532661e-04,7.90912525,6.36069554,5,5.851481121152592
7.13060980e+08,2.29464993,-1.59319453e-06,3.49704091,2.44804208,-1.82509174,6.88886834e-01,1.82518776e-04,7.90922269,6.36098272,5,5.851676387349111
7.13061433e+08,2.29410593,-1.08207404e-06,3.50144254,2.42017268,-1.82397603,6.88842790e-01,1.82507075e-04,7.90936872,6.36137453,5,5.851899197391991
7.13061969e+08,2.29367458,-7.23664695e-07,3.50576315,2.39238824,-1.82323459,6.88813964e-01,1.82499422e-04,7.90958209,6.36191277,5,5.852162831350013
7.13063283e+08,2.29301958,-4.24223348e-07,3.51007763,2.36462007,-1.82246022,6.88783943e-01,1.82491454e-04,7.91021806,6.36344252,5,5.8528091280306835
7.13063884e+08,2.29280079,-3.01370552e-07,3.51439023,2.33685213,-1.82230911,6.88778083e-01,1.82489898e-04,7.91054694,6.36421308,5,5.853104732524659
7.13064608e+08,2.29263765,-1.94970793e-07,3.51862918,2.30916588,-1.82222057,6.88774648e-01,1.82488986e-04,7.91094119,6.36513963,5,5.853460835109748
7.13067387e+08,2.29200442,-2.70257008e-07,3.51454137,2.33584054,-1.82211336,6.88770488e-01,1.82487882e-04,7.91245067,6.36870125,5,5.8548276984853835
7.13073282e+08,2.29010812,-3.83831589e-07,3.51023491,2.36355915,-1.82210784,6.88770274e-01,1.82487825e-04,7.91548489,6.37601323,5,5.857727180169218
7.13076613e+08,2.28847131,-5.71530051e-07,3.50586812,2.39138498,-1.82210778,6.88770275e-01,1.82476715e-04,7.91695799,6.37973870,5,5.8593655471732635
7.13080959e+08,2.28528786,-8.49000886e-07,3.50143392,2.41928150,-1.82210770,6.88770277e-01,1.82460688e-04,7.91836083,6.38367798,5,5.861503146392592
7.13091564e+08,2.27352869,-1.30380794e-06,3.49672134,2.44744059,-1.82210769,6.88770277e-01,1.82459276e-04,7.92045528,6.39095378,5,5.866719262297098
7.13104717e+08,2.25348146,-1.67623050e-06,3.49353900,2.46453816,-1.82210769,6.88770277e-01,1.82459276e-04,7.92212464,6.39842729,5,5.873188623211003
7.13121417e+08,2.22172112,-2.00093927e-06,3.49111079,2.47522948,-1.82210769,6.88770277e-01,1.82459276e-04,7.92309615,6.40597729,5,5.881402591679201
7.13129663e+08,2.20503665,-1.76795096e-06,3.49264289,2.46356380,-1.82210769,6.88770277e-01,1.82459276e-04,7.92212498,6.40706528,5,5.885458423055773
7.13129787e+08,2.20482774,-1.28225102e-06,3.49644152,2.43952851,-1.82210769,6.88770277e-01,1.82459276e-04,7.90710679,6.37946060,5,5.885519413001286
7.13129798e+08,2.20481576,-8.86927432e-07,3.50083362,2.41167321,-1.82210769,6.88770277e-01,1.82459276e-04,7.90656359,6.37846503,5,5.8855248233996775
7.13129808e+08,2.20480831,-6.11981627e-07,3.50521288,2.38383380,-1.82210769,6.88770277e-01,1.82459276e-04,7.90626412,6.37791743,5,5.885529741943671
7.13129819e+08,2.20480306,-4.23794124e-07,3.50960580,2.35597308,-1.82210769,6.88770277e-01,1.82459276e-04,7.90605832,6.37754206,5,5.885535152342063
7.13129831e+08,2.20479911,-2.82430454e-07,3.51387172,2.32825158,-1.82210769,6.88770277e-01,1.82459276e-04,7.90590483,6.37726311,5,5.885541054594855
7.13129857e+08,2.20479359,-1.82932128e-07,3.51763346,2.30408503,-1.82210769,6.88770277e-01,1.82459276e-04,7.90572110,6.37693251,5,5.885553842809236
7.13129880e+08,2.20478880,-2.41202055e-07,3.51342936,2.33173951,-1.82210769,6.88770277e-01,1.82459276e-04,7.90565820,6.37682301,5,5.88556515546042
7.13129895e+08,2.20478418,-3.28544110e-07,3.50917122,2.35945529,-1.82210769,6.88770277e-01,1.82458999e-04,7.90564312,6.37679936,5,5.8855725332764095
7.13129909e+08,2.20477805,-4.84586218e-07,3.50486268,2.38722642,-1.82210769,6.88770278e-01,1.82458278e-04,7.90564048,6.37679823,5,5.885579419238
7.13129922e+08,2.20476922,-7.21705959e-07,3.50048663,2.41507153,-1.82210769,6.88770278e-01,1.82457501e-04,7.90564536,6.37681083,5,5.88558581334519
7.13129936e+08,2.20475585,-1.07419079e-06,3.49606985,2.44296074,-1.82210769,6.88770278e-01,1.82457036e-04,7.90565635,6.37683473,5,5.88559269930678
7.13129950e+08,2.20473459,-1.51742748e-06,3.49156411,2.47094327,-1.82210769,6.88770278e-01,1.82456813e-04,7.90567409,6.37687131,5,5.885599585268371
7.13129967e+08,2.20469972,-2.34599597e-06,3.48696834,2.49901875,-1.82210768,6.88770278e-01,1.82456692e-04,7.90569765,6.37691905,5,5.885607946793159
7.13129987e+08,2.20463394,-3.45849337e-06,3.48221569,2.52725225,-1.82210768,6.88770278e-01,1.82456644e-04,7.90573103,6.37698598,5,5.885617783881145
7.13130020e+08,2.20447846,-5.17994241e-06,3.47731190,2.55563238,-1.82210768,6.88770278e-01,1.82456549e-04,7.90578508,6.37709422,5,5.885634015076321
7.13130067e+08,2.20414302,-8.27214946e-06,3.47224670,2.58416029,-1.82210766,6.88770276e-01,1.82455479e-04,7.90585055,6.37722748,5,5.885657132233088
7.13130189e+08,2.20279109,-1.25993229e-05,3.46657973,2.61311599,-1.82210738,6.88768982e-01,1.82441251e-04,7.90585592,6.37727037,5,5.8857171384698015
7.13130369e+08,2.20056765,-1.09157703e-05,3.47054896,2.58912340,-1.82205646,6.88724398e-01,1.82416752e-04,7.90554582,6.37674917,5,5.885805672261674
7.13130501e+08,2.19945640,-7.73155331e-06,3.47560309,2.56060438,-1.82171481,6.88677820e-01,1.82403160e-04,7.90538744,6.37649356,5,5.8858705970423815
7.13130698e+08,2.19835844,-4.84915824e-06,3.48045828,2.53227175,-1.82051887,6.88607853e-01,1.82384282e-04,7.90529459,6.37637607,5,5.8859674923590415
7.13131037e+08,2.19706846,-3.40165974e-06,3.48516916,2.50408300,-1.81791655,6.88498264e-01,1.82355158e-04,7.90530311,6.37648302,5,5.886134231000402
7.13131424e+08,2.19602397,-2.43291646e-06,3.48972931,2.47604400,-1.81563107,6.88411548e-01,1.82332175e-04,7.90536894,6.37670867,5,5.886324578652928
7.13131869e+08,2.19520608,-1.66261798e-06,3.49422145,2.44807673,-1.81373038,6.88341603e-01,1.82313645e-04,7.90548854,6.37704878,5,5.8865434538606145
7.13132382e+08,2.19456810,-1.12792158e-06,3.49858382,2.42024822,-1.81267347,6.88302855e-01,1.82303381e-04,7.90567085,6.37752300,5,5.886795775167451
7.13133093e+08,2.19398572,-7.17383138e-07,3.50301850,2.39234800,-1.81214941,6.88283637e-01,1.82298291e-04,7.90597592,6.37827720,5,5.88714548364535
7.13134282e+08,2.19331162,-4.52388485e-07,3.50739726,2.36450783,-1.81185081,6.88272682e-01,1.82295389e-04,7.90658063,6.37971459,5,5.887730298526109
7.13134719e+08,2.19315083,-3.20994403e-07,3.51164760,2.33680363,-1.81180968,6.88271172e-01,1.82294989e-04,7.90681953,6.38027459,5,5.887945238898601
7.13137252e+08,2.19244139,-3.18927271e-07,3.51068531,2.34345510,-1.81172149,6.88267935e-01,1.82294131e-04,7.90822926,6.38357529,5,5.88919110609201
7.13142245e+08,2.19051442,-4.55614344e-07,3.50635538,2.37108561,-1.81171200,6.88267586e-01,1.82294039e-04,7.91088897,6.38991172,5,5.891646935107682
7.13144890e+08,2.18902837,-6.44960777e-07,3.50193924,2.39896741,-1.81171196,6.88267586e-01,1.82292581e-04,7.91217790,6.39307254,5,5.892947889993812
7.13148539e+08,2.18598013,-9.66065575e-07,3.49744211,2.42693050,-1.81171190,6.88267587e-01,1.82278529e-04,7.91369709,6.39698286,5,5.894742666696834
7.13153596e+08,2.17987464,-1.36609513e-06,3.49362631,2.44977970,-1.81171185,6.88267588e-01,1.82269930e-04,7.91509914,6.40114752,5,5.89722997439406
7.13163461e+08,2.16306335,-1.91451033e-06,3.48974239,2.47147767,-1.81171184,6.88267588e-01,1.82268889e-04,7.91696226,6.40775603,5,5.902082118043088
7.13181534e+08,2.12027629,-2.70923401e-06,3.48514227,2.49313253,-1.81171184,6.88267588e-01,1.82268889e-04,7.91893102,6.41743173,5,5.9109714026015165
7.13191172e+08,2.09318081,-2.92761075e-06,3.48367198,2.49816415,-1.81171184,6.88267588e-01,1.82268889e-04,7.91937490,6.42155831,5,5.915711895301905
7.13196818e+08,2.07680399,-2.42285728e-06,3.48575329,2.48318173,-1.81171184,6.88267588e-01,1.82268889e-04,7.90760600,6.40181558,5,5.918488905240315
7.13196838e+08,2.07676051,-1.70782784e-06,3.49027236,2.45533721,-1.81171184,6.88267588e-01,1.82268889e-04,7.90410415,6.39537401,5,5.918498742328301
7.13196848e+08,2.07674721,-1.18293536e-06,3.49482061,2.42731311,-1.81171184,6.88267588e-01,1.82268889e-04,7.90368142,6.39459866,5,5.918503660872294
7.13196857e+08,2.07673859,-8.18089061e-07,3.49926539,2.39940228,-1.81171184,6.88267588e-01,1.82268889e-04,7.90342966,6.39413785,5,5.918508087561888
7.13196866e+08,2.07673239,-5.60159672e-07,3.50373657,2.37146447,-1.81171184,6.88267588e-01,1.82268889e-04,7.90325219,6.39381386,5,5.918512514251481
7.13196877e+08,2.07672762,-3.77119634e-07,3.50811783,2.34361491,-1.81171184,6.88267588e-01,1.82268889e-04,7.90311713,6.39356823,5,5.918517924649874
7.13196903e+08,2.07672035,-2.54991968e-07,3.51117361,2.32437945,-1.81171184,6.88267588e-01,1.82268889e-04,7.90294375,6.39325628,5,5.918530712864255
7.13196921e+08,2.07671501,-3.35742424e-07,3.50688116,2.35213284,-1.81171184,6.88267588e-01,1.82268889e-04,7.90289362,6.39316884,5,5.918539566243442
7.13196934e+08,2.07670939,-4.69744163e-07,3.50257154,2.37990562,-1.81171184,6.88267588e-01,1.82268889e-04,7.90287676,6.39314127,5,5.918545960350633
7.13196946e+08,2.07670184,-6.69045045e-07,3.49819738,2.40774882,-1.81171184,6.88267588e-01,1.82268889e-04,7.90287147,6.39313477,5,5.918551862603425
7.13196958e+08,2.07669085,-1.02093075e-06,3.49372430,2.43569758,-1.81171184,6.88267588e-01,1.82268889e-04,7.90287216,6.39313923,5,5.918557764856216
7.13196970e+08,2.07667372,-1.53229973e-06,3.48915594,2.46374591,-1.81171184,6.88267588e-01,1.82268889e-04,7.90287847,6.39315415,5,5.918563667109008
7.13196983e+08,2.07664598,-2.16767440e-06,3.48445656,2.49192697,-1.81171184,6.88267588e-01,1.82268889e-04,7.90289113,6.39318108,5,5.918570061216198
7.13196998e+08,2.07660026,-3.32584145e-06,3.47968949,2.52017532,-1.81171184,6.88267588e-01,1.82268889e-04,7.90290940,6.39321879,5,5.9185774390321875
7.13197017e+08,2.07651544,-4.86643139e-06,3.47469713,2.54863778,-1.81171184,6.88267588e-01,1.82268889e-04,7.90293625,6.39327329,5,5.9185867842657744
7.13197046e+08,2.07632003,-7.27828751e-06,3.46953594,2.57725189,-1.81171184,6.88267588e-01,1.82268865e-04,7.90298042,6.39336239,5,5.918601048043354
7.13197093e+08,2.07585687,-1.12934677e-05,3.46424404,2.60597683,-1.81171183,6.88267588e-01,1.82267584e-04,7.90303991,6.39348440,5,5.918624165200121
7.13197188e+08,2.07439196,-1.72830484e-05,3.45833606,2.63511075,-1.81171149,6.88267369e-01,1.82252148e-04,7.90305878,6.39354500,5,5.918670891368054
7.13197372e+08,2.07103890,-1.64431168e-05,3.46079372,2.61896579,-1.81167788,6.88224472e-01,1.82222712e-04,7.90274112,6.39301034,5,5.918761392577523
7.13197491e+08,2.06949753,-1.16639714e-05,3.46607556,2.59025012,-1.81139294,6.88171678e-01,1.82207486e-04,7.90258143,6.39274864,5,5.918819923251039
7.13197667e+08,2.06798536,-7.53234825e-06,3.47118734,2.56168404,-1.81004745,6.88088730e-01,1.82185252e-04,7.90248771,6.39262357,5,5.918906489625315
7.13197985e+08,2.06610371,-5.29317523e-06,3.47616084,2.53323910,-1.80639371,6.87940014e-01,1.82145835e-04,7.90250302,6.39273761,5,5.91906289932429
7.13198348e+08,2.06458624,-3.81531281e-06,3.48095294,2.50496562,-1.80314779,6.87817576e-01,1.82113415e-04,7.90257879,6.39297522,5,5.919241442471234
7.13198761e+08,2.06338679,-2.64602200e-06,3.48566214,2.47677547,-1.80076573,6.87728348e-01,1.82089790e-04,7.90270534,6.39331986,5,5.919444578338142
7.13199231e+08,2.06245590,-1.78173110e-06,3.49023696,2.44872155,-1.79972724,6.87689383e-01,1.82079473e-04,7.90288988,6.39378698,5,5.91967574990581
7.13199801e+08,2.06169720,-1.18010720e-06,3.49476868,2.42071105,-1.79946551,6.87679551e-01,1.82076870e-04,7.90315490,6.39442992,5,5.919956106913407
7.13200934e+08,2.06070982,-7.12904147e-07,3.49922756,2.39278230,-1.79938724,6.87676609e-01,1.82076091e-04,7.90377269,6.39587771,5,5.920513377947806
7.13201331e+08,2.06047632,-5.07632233e-07,3.50361885,2.36492255,-1.79938084,6.87676368e-01,1.82076027e-04,7.90400598,6.39641678,5,5.920708644144326
7.13203268e+08,2.05968798,-4.49317608e-07,3.50385732,2.36353258,-1.79937110,6.87676002e-01,1.82075930e-04,7.90513556,6.39903690,5,5.921661366115757
7.13207726e+08,2.05732844,-6.34227106e-07,3.49947609,2.39105991,-1.79936906,6.87675926e-01,1.82075910e-04,7.90772930,6.40509638,5,5.9238540530278065
7.13209969e+08,2.05553620,-9.23929003e-07,3.49493348,2.41907741,-1.79936903,6.87675927e-01,1.82069314e-04,7.90879003,6.40771387,5,5.924957282445422
7.13212989e+08,2.05196494,-1.35417464e-06,3.49029568,2.44718841,-1.79936896,6.87675929e-01,1.82053181e-04,7.91012032,6.41107664,5,5.926442682731287
7.13218888e+08,2.04138965,-2.11312824e-06,3.48535001,2.47541662,-1.79936890,6.87675930e-01,1.82041836e-04,7.91213186,6.41661632,5,5.9293441318327185
7.13226482e+08,2.02204334,-2.89889099e-06,3.48116235,2.49733542,-1.79936889,6.87675930e-01,1.82041420e-04,7.91382446,6.42218204,5,5.933079274140952
7.13235756e+08,1.99156624,-3.62205537e-06,3.47801018,2.51102882,-1.79936889,6.87675930e-01,1.82041418e-04,7.91516442,6.42770690,5,5.9376407318399975
7.13245269e+08,1.95363142,-4.29591939e-06,3.47501295,2.52255102,-1.79936889,6.87675930e-01,1.82041418e-04,7.91605653,6.43255481,5,5.942319742740475
7.13255567e+08,1.90580536,-4.95451627e-06,3.47228672,2.53071303,-1.79936889,6.87675930e-01,1.82041418e-04,7.91660714,6.43709535,5,5.947384859344398
7.13262734e+08,1.86964814,-4.44678619e-06,3.47303683,2.52018865,-1.79936889,6.87675930e-01,1.82041418e-04,7.90568989,6.41942345,5,5.950909979824132
7.13262751e+08,1.86958064,-3.19142257e-06,3.47762155,2.49296583,-1.79936889,6.87675930e-01,1.82041418e-04,7.90156607,6.41183142,5,5.95091834134892
7.13262759e+08,1.86955961,-2.26649297e-06,3.48258327,2.46454626,-1.79936889,6.87675930e-01,1.82041418e-04,7.90111382,6.41100037,5,5.950922276184115
7.13262766e+08,1.86954647,-1.53770882e-06,3.48735330,2.43629941,-1.79936889,6.87675930e-01,1.82041418e-04,7.90083287,6.41048484,5,5.95092571916491
7.13262773e+08,1.86953692,-1.06887549e-06,3.49202569,2.40814605,-1.79936889,6.87675930e-01,1.82041418e-04,7.90061274,6.41008145,5,5.950929162145705
7.13262782e+08,1.86952969,-7.41578199e-07,3.49658896,2.38010520,-1.79936889,6.87675930e-01,1.82041418e-04,7.90042629,6.40974028,5,5.950933588835299
7.13262793e+08,1.86952345,-5.03685710e-07,3.50104651,2.35218276,-1.79936889,6.87675930e-01,1.82041418e-04,7.90023936,6.40939891,5,5.950938999233691
7.13262818e+08,1.86951278,-4.38783447e-07,3.49992706,2.36032140,-1.79936889,6.87675930e-01,1.82041418e-04,7.89993198,6.40883960,5,5.950951295593673
7.13262831e+08,1.86950604,-5.91788652e-07,3.49553398,2.38818487,-1.79936889,6.87675930e-01,1.82041418e-04,7.89982454,6.40864500,5,5.950957689700864
7.13262841e+08,1.86949748,-8.69991225e-07,3.49103554,2.41616079,-1.79936889,6.87675930e-01,1.82041418e-04,7.89974434,6.40850013,5,5.950962608244857
7.13262852e+08,1.86948483,-1.30867728e-06,3.48638847,2.44429010,-1.79936889,6.87675930e-01,1.82041417e-04,7.89967696,6.40837881,5,5.950968018643249
7.13262863e+08,1.86946547,-1.91649943e-06,3.48159835,2.47256096,-1.79936889,6.87675930e-01,1.82040629e-04,7.89961693,6.40827115,5,5.950973429041642
7.13262874e+08,1.86943609,-2.69712968e-06,3.47670204,2.50093448,-1.79936888,6.87675930e-01,1.82039180e-04,7.89956232,6.40817370,5,5.950978839440033
7.13262888e+08,1.86938488,-4.21056924e-06,3.47164163,2.52945958,-1.79936887,6.87675930e-01,1.82037850e-04,7.89950970,6.40808037,5,5.950985725401623
7.13262904e+08,1.86929294,-6.00679447e-06,3.46640291,2.55814045,-1.79936887,6.87675930e-01,1.82036863e-04,7.89945871,6.40799082,5,5.9509935950720125
7.13262925e+08,1.86911952,-9.00195162e-06,3.46100140,2.58695508,-1.79936886,6.87675930e-01,1.82036201e-04,7.89940774,6.40790253,5,5.9510039240143975
7.13262964e+08,1.86863140,-1.43829123e-05,3.45539194,2.61591682,-1.79936886,6.87675930e-01,1.82035667e-04,7.89933804,6.40778444,5,5.95102310633597
7.13263031e+08,1.86735224,-2.14713415e-05,3.45003872,2.64178872,-1.79936880,6.87675929e-01,1.82031015e-04,7.89924686,6.40763454,5,5.951056060580723
7.13263115e+08,1.86533369,-2.67543958e-05,3.44511644,2.66319121,-1.79936840,6.87675563e-01,1.82016293e-04,7.89913701,6.40745455,5,5.951097376350264
7.13263307e+08,1.85981642,-2.63407617e-05,3.44626969,2.65308196,-1.79892239,6.87573131e-01,1.81971794e-04,7.89887868,6.40702982,5,5.951191812394928
7.13263453e+08,1.85673329,-1.91867125e-05,3.45166600,2.62427185,-1.79398537,6.87336364e-01,1.81908182e-04,7.89875408,6.40683899,5,5.9512636231372245
7.13263652e+08,1.85384231,-1.28920516e-05,3.45704231,2.59547808,-1.78582044,6.87021600e-01,1.81824868e-04,7.89868734,6.40676912,5,5.951361502162683
7.13263956e+08,1.85080432,-9.08978711e-06,3.46236151,2.56673031,-1.78110929,6.86839545e-01,1.81776686e-04,7.89869505,6.40686389,5,5.951511025900069
7.13264332e+08,1.84813670,-6.45080857e-06,3.46757070,2.53807470,-1.77883522,6.86751131e-01,1.81753286e-04,7.89876995,6.40710199,5,5.9516959631542035
7.13264770e+08,1.84598544,-4.46979074e-06,3.47268442,2.50950224,-1.77860251,6.86742063e-01,1.81750886e-04,7.89890776,6.40747226,5,5.951911395381094
7.13265260e+08,1.84432380,-3.06005927e-06,3.47764307,2.48107073,-1.77860150,6.86742023e-01,1.81750876e-04,7.89910912,6.40797409,5,5.952152404036747
7.13265821e+08,1.84303325,-2.05725674e-06,3.48252149,2.45271553,-1.77860150,6.86742023e-01,1.81750876e-04,7.89938209,6.40862719,5,5.952428334354751
7.13266911e+08,1.84141162,-1.25927199e-06,3.48724603,2.42451191,-1.77860150,6.86742023e-01,1.81750876e-04,7.89999748,6.41005470,5,5.952964455649981
7.13267352e+08,1.84095387,-8.70517353e-07,3.49183787,2.39644150,-1.77860150,6.86742023e-01,1.81750876e-04,7.90025165,6.41064303,5,5.953181363440069
7.13269121e+08,1.83976425,-7.06548451e-07,3.49321179,2.38810546,-1.77860150,6.86742023e-01,1.81750876e-04,7.90126600,6.41299777,5,5.9540514538724185
7.13273191e+08,1.83642224,-1.00127872e-06,3.48850544,2.41620805,-1.77860150,6.86742023e-01,1.81750876e-04,7.90381316,6.41884187,5,5.956053301277542
7.13275136e+08,1.83394327,-1.49609817e-06,3.48369557,2.44449341,-1.77860150,6.86742023e-01,1.81750870e-04,7.90491119,6.42143136,5,5.957009958084168
7.13277880e+08,1.82872596,-2.21748877e-06,3.47869866,2.47294564,-1.77860145,6.86742024e-01,1.81740666e-04,7.90631272,6.42482940,5,5.958359606555829
7.13282356e+08,1.81593759,-3.39449706e-06,3.47324501,2.50169994,-1.77860138,6.86742026e-01,1.81726658e-04,7.90809482,6.42947977,5,5.960561146847065
7.13290089e+08,1.78291002,-5.04194015e-06,3.46714222,2.52999135,-1.77860134,6.86742026e-01,1.81720467e-04,7.91010197,6.43561431,5,5.964364656916801
7.13300189e+08,1.72221832,-6.85332845e-06,3.46153441,2.54978190,-1.77860133,6.86742026e-01,1.81718253e-04,7.91128823,6.44106998,5,5.969332386349663
7.13309777e+08,1.64800943,-8.68557312e-06,3.45632982,2.56418405,-1.77860132,6.86742026e-01,1.81717386e-04,7.91204022,6.44561700,5,5.974048286330087
7.13319544e+08,1.55214937,-1.09875295e-05,3.45036532,2.57739978,-1.77860132,6.86742026e-01,1.81716969e-04,7.91253115,6.44978964,5,5.978852228247985
7.13324487e+08,1.49571125,-9.93508049e-06,3.45050619,2.56564101,-1.77860132,6.86742026e-01,1.81716963e-04,7.89994351,6.42821281,5,5.981283464543692
7.13324498e+08,1.49561804,-7.08732735e-06,3.45557435,2.53715393,-1.77860132,6.86742026e-01,1.81716963e-04,7.89853606,6.42561990,5,5.981288874942084
7.13324504e+08,1.49558188,-5.00323408e-06,3.46115844,2.50820310,-1.77860132,6.86742026e-01,1.81716963e-04,7.89814763,6.42490527,5,5.98129182606848
7.13324510e+08,1.49555826,-3.53365941e-06,3.46665925,2.47931386,-1.77860132,6.86742026e-01,1.81716963e-04,7.89789234,6.42443614,5,5.981294777194876
7.13324516e+08,1.49554103,-2.40716580e-06,3.47210019,2.45046924,-1.77860132,6.86742026e-01,1.81716963e-04,7.89769479,6.42407360,5,5.981297728321271
7.13324523e+08,1.49552852,-1.69757371e-06,3.47724671,2.42187043,-1.77860132,6.86742026e-01,1.81716963e-04,7.89754013,6.42379019,5,5.981301171302066
7.13324530e+08,1.49551886,-1.17364494e-06,3.48226318,2.39338820,-1.77860132,6.86742026e-01,1.81716963e-04,7.89740640,6.42354560,5,5.981304614282862
7.13324539e+08,1.49551027,-7.75635150e-07,3.48717286,2.36500410,-1.77860132,6.86742026e-01,1.81716963e-04,7.89727534,6.42330653,5,5.981309040972455
7.13324559e+08,1.49549709,-7.20276666e-07,3.48553293,2.37617861,-1.77860132,6.86742026e-01,1.81716963e-04,7.89710377,6.42299540,5,5.981318878060441
7.13324567e+08,1.49548947,-9.90182874e-07,3.48083934,2.40435339,-1.77860132,6.86742026e-01,1.81716963e-04,7.89705439,6.42290659,5,5.981322812895636
7.13324574e+08,1.49548006,-1.42792735e-06,3.47591430,2.43275403,-1.77860132,6.86742026e-01,1.81716963e-04,7.89701935,6.42284392,5,5.98132625587643
7.13324581e+08,1.49546638,-2.12815173e-06,3.47085071,2.46128094,-1.77860132,6.86742026e-01,1.81716963e-04,7.89699098,6.42279345,5,5.981329698857225
7.13324588e+08,1.49544582,-3.10983701e-06,3.46560303,2.48996317,-1.77860132,6.86742026e-01,1.81716963e-04,7.89696632,6.42274989,5,5.981333141838021
7.13324596e+08,1.49541481,-4.31950371e-06,3.46004915,2.51889692,-1.77860132,6.86742026e-01,1.81716963e-04,7.89694454,6.42271176,5,5.981337076673215
7.13324604e+08,1.49536213,-6.64847562e-06,3.45441666,2.54788864,-1.77860132,6.86742026e-01,1.81716913e-04,7.89692419,6.42267654,5,5.981341011508409
7.13324615e+08,1.49526889,-9.49019373e-06,3.44870095,2.57694027,-1.77860132,6.86742027e-01,1.81716182e-04,7.89690501,6.42264397,5,5.981346421906801
7.13324628e+08,1.49509769,-1.37320927e-05,3.44289823,2.60605124,-1.77860131,6.86742027e-01,1.81714616e-04,7.89688705,6.42261443,5,5.981352816013993
7.13324646e+08,1.49476466,-2.15033541e-05,3.43704788,2.63519442,-1.77860130,6.86742027e-01,1.81713007e-04,7.89686982,6.42258734,5,5.98136166939318
7.13324670e+08,1.49410272,-3.01906726e-05,3.43119490,2.66433901,-1.77860129,6.86742027e-01,1.81710884e-04,7.89685466,6.42256581,5,5.9813734738987625
7.13324703e+08,1.49280551,-4.29185550e-05,3.42528973,2.69351781,-1.77860128,6.86742027e-01,1.81709849e-04,7.89683675,6.42254158,5,5.981389705093939
7.13324763e+08,1.48920498,-7.16807574e-05,3.41930277,2.72264117,-1.77860102,6.86742017e-01,1.81698087e-04,7.89677933,6.42245185,5,5.981419216357897
7.13324806e+08,1.48593275,-7.75528286e-05,3.42129105,2.72001849,-1.77860048,6.86741837e-01,1.81684905e-04,7.89670976,6.42233505,5,5.9814403660970665
7.13324834e+08,1.48400930,-6.71187928e-05,3.42148888,2.71546290,-1.77860040,6.86741651e-01,1.81682165e-04,7.89665064,6.42223346,5,5.981454138020247
7.13324946e+08,1.47495163,-8.25159852e-05,3.41757494,2.72864781,-1.77860046,6.86725554e-01,1.81660659e-04,7.89639116,6.42178481,5,5.981509225712967
7.13325061e+08,1.46698489,-6.18553283e-05,3.42214003,2.70062365,-1.77808476,6.86636227e-01,1.81632437e-04,7.89619257,6.42144908,5,5.9815657889688865
7.13325204e+08,1.46020030,-4.21225562e-05,3.42718715,2.67211106,-1.76990526,6.86199314e-01,1.81515442e-04,7.89607139,6.42126349,5,5.981636124147985
7.13325462e+08,1.45168796,-2.95676627e-05,3.43245136,2.64340981,-1.76393569,6.85953225e-01,1.81450295e-04,7.89603419,6.42126314,5,5.981763022583003
7.13325792e+08,1.44390645,-2.11037038e-05,3.43780148,2.61463889,-1.76374475,6.85945499e-01,1.81448252e-04,7.89607904,6.42143314,5,5.98192533453477
7.13326163e+08,1.43787292,-1.43639184e-05,3.44321988,2.58581264,-1.76374475,6.85945499e-01,1.81448252e-04,7.89617620,6.42171054,5,5.982107812516907
7.13326587e+08,1.43297629,-1.03892408e-05,3.44870019,2.55693541,-1.76374475,6.85945499e-01,1.81448252e-04,7.89633805,6.42212154,5,5.982316358782208
7.13327051e+08,1.42921980,-7.31362602e-06,3.45426716,2.52799432,-1.76374475,6.85945499e-01,1.81448252e-04,7.89655473,6.42264444,5,5.98254457922348
7.13327590e+08,1.42618800,-4.98028015e-06,3.45970702,2.49914887,-1.76374475,6.85945499e-01,1.81448252e-04,7.89684312,6.42332013,5,5.982809688744699
7.13328535e+08,1.42261320,-3.16251015e-06,3.46498101,2.47044283,-1.76374475,6.85945499e-01,1.81448252e-04,7.89741185,6.42462275,5,5.983274491152031
7.13328924e+08,1.42160613,-2.22944446e-06,3.47025066,2.44173623,-1.76374475,6.85945499e-01,1.81448252e-04,7.89764945,6.42516607,5,5.983465822513356
7.13331061e+08,1.41764408,-2.02267512e-06,3.47040083,2.44005510,-1.76374475,6.85945499e-01,1.81448252e-04,7.89900999,6.42826142,5,5.9845169153646465
7.13334141e+08,1.41051531,-2.87772775e-06,3.46487762,2.46854542,-1.76374475,6.85945499e-01,1.81448252e-04,7.90097612,6.43275557,5,5.98603182691447
7.13335817e+08,1.40450602,-4.19611111e-06,3.45907960,2.49761653,-1.76374473,6.85945499e-01,1.81444981e-04,7.90203724,6.43519692,5,5.986856174887685
7.13338180e+08,1.39204941,-6.27338596e-06,3.45297042,2.52678166,-1.76374465,6.85945501e-01,1.81429181e-04,7.90333315,6.43828208,5,5.988018426833215
7.13341610e+08,1.36516939,-9.33809442e-06,3.44611486,2.55619777,-1.76374460,6.85945502e-01,1.81418135e-04,7.90472889,6.44188902,5,5.989705487422791
7.13346524e+08,1.30728464,-1.42847168e-05,3.43801266,2.58518338,-1.76374456,6.85945503e-01,1.81411443e-04,7.90627323,6.44625172,5,5.992122459940918
7.13352194e+08,1.20523817,-2.23332752e-05,3.42856007,2.61196618,-1.76374455,6.85945503e-01,1.81408876e-04,7.90755743,6.45040863,5,5.994911274384911
7.13357522e+08,1.05046791,-3.80972602e-05,3.41848026,2.63534812,-1.76374455,6.85945503e-01,1.81408162e-04,7.90845505,6.45377530,5,5.997531874624347
7.13361599e+08,8.28877376e-01,-7.94344414e-05,3.42131575,2.63030345,-1.76374455,6.85945503e-01,1.81408162e-04,7.90900150,6.45610564,5,5.999537165010265
7.13362044e+08,7.91557021e-01,-8.75224261e-05,3.43181087,2.60930073,-1.76374455,6.85945503e-01,1.81408162e-04,7.90905334,6.45633828,5,5.99975604021795
7.13362316e+08,7.67112836e-01,-9.21632767e-05,3.44230996,2.58845925,-1.76374455,6.85945503e-01,1.81408162e-04,7.90908564,6.45648689,5,5.999889824614558
7.13362540e+08,7.46111847e-01,-9.58021572e-05,3.45280863,2.56751994,-1.76374455,6.85945503e-01,1.81408162e-04,7.90911246,6.45660873,6,6.0
